220.51536034927085 25.716605122469012
205.12241927477788 33.1867594859859
213.33696841753851 25.25374640476967
221.17586735908554 24.94314881371806
211.917167112881 31.54852494219025
217.7342494865886 23.413181208205145
207.33318947144076 33.780246152832454
216.56799490882753 26.64244680211974
207.80271038334254 32.19324773534598
210.95978948185186 34.316956574072705
203.71232957487373 39.919013096313975
216.80207155671684 30.79830233440345
215.43681669030047 28.395822414319152
208.07838865108414 31.882378246053452
208.75824488804702 35.42149971224044
204.76883630656062 35.196356099097216
204.28561097106075 34.26948680204587
205.35022371379821 35.89547110399779
202.5532654658424 38.13832336763529
222.31254006986393 28.323304031822495
207.6574906059846 32.24921943250809
206.78119017798718 39.649437672553056
209.62043958648212 31.80993962370276
213.72661295828544 36.81326284596146
211.53746681135686 34.08231772055869
211.66890310259052 31.413592972902745
201.7098277757547 37.05304782273653
209.2301431046639 35.30523067926087
216.8612029322021 31.911882525511285
212.98705463801318 33.97964429881473
206.2271456558783 38.78634117536499
213.20020161291853 30.69260386808307
213.2867818037366 31.239143887276864
219.5571035107952 31.96288802080074
223.49108299983772 21.93380794019967
199.4493035080228 37.91620041658709
212.1097860115091 34.451712608913915
209.86084456922785 27.966979404644977
208.83492109394876 36.17461378647564
212.4626665927695 33.9466620444342
208.2345257295639 33.76108503609719
211.7584752214083 33.40297346222712
211.50580935286894 32.7669771419664
205.80171055531827 36.68447260157219
212.1363523204749 35.114598330928
218.49137310184628 28.993789851794972
206.67608992783843 33.47027302859912
213.01309966402331 31.803120743234235
207.67552705239706 34.73111859575409
206.5190151651379 37.13647053593578
208.31645848720345 37.52897620835206
213.46691650067746 32.92802631110583
202.63336678310282 37.91898887355095
214.02031296045482 28.474342257274557
208.19903972492492 34.40569146287074
200.87938874433462 39.300952143949374
214.85755390154284 28.252949942530833
210.91594764567603 29.270183272973362
207.8800658594265 30.174737464268304
218.21275584697543 29.750115272455847
208.9411703351555 31.82430132253241
221.05142977598163 32.314874682593434
198.58725183264772 43.06185868944257
221.6272365504932 27.629579826669126
202.70847279838432 39.733665423579495
208.05817927240088 32.78188291584989
202.13717248540576 39.219605166532276
214.7597144967114 28.939807769936742
212.28265385053143 28.946773673975322
215.59060504297514 30.263236094314607
208.59498552846628 33.82222293830846
216.86050615167085 31.428722115501543
213.81408962476686 31.51171093944923
211.24645499801775 34.25002981281082
212.38812594883078 33.77616727372151
205.06659992475045 29.57376045084254
219.68124684581966 33.678113943259845
212.9329757393298 31.373425598715144
208.92127467280923 33.591392775446195
208.83365766833052 30.956856687941773
205.2859915525264 33.29749386255128
211.37792597551305 31.726952331550727
213.2193321728982 31.0119949623772
217.05593365978058 29.881446959924485
222.95329931893596 20.900202985518902
206.5664406200734 37.654127689875345
227.17412169457123 22.922964731375036
210.04205082351712 32.67057054176468
218.86486484671903 27.518202595139368
214.32948578141713 29.995918452013818
201.57194254086073 38.90501256598286
214.95759259895095 33.95743636662583
208.5294161126865 32.47943582462713
214.16215783808119 31.59062403689821
211.85428311659203 32.05577636931523
218.43633483245353 29.51822426859787
224.42651181071787 28.115423969599835
212.684932135123 27.426453553227635
214.6412000599077 31.800223775308915
216.7975924916674 32.2511677560759
208.17660250938857 36.53625920852451
208.35858949587754 39.45973135435329
198.7833862178666 34.930926166520656
197.57987714867548 37.94009346236239
204.51494482876103 41.636455712428
206.2057967380087 31.852352954104898
217.02277502910516 27.759124090553343
202.46325499453638 39.90576636090037
213.80585152539638 29.983851958825767
219.86772680596738 28.06547594282569
221.74222691658727 28.005394615434952
220.88969523226407 27.43485435467192
204.3856870140441 43.02966518058531
206.0031882186966 35.0280043455034
204.93021328272997 35.62255794771018
211.90716935863344 32.76165810826412
216.61961750586158 34.35280860076155
207.75418119013906 31.26995544180182
201.0721780998944 36.566862147269994
199.38494988630802 41.51051890238321
206.2030220209941 34.614879667254996
208.38550452886255 30.47540421681954
204.8258832604921 38.03149652208104
213.76312623067798 29.986027109884645
221.00534153034664 23.582361693767254
207.35301693380575 34.17905911529106
192.93416638697448 48.13553132594599
211.33190846770066 29.75135397048576
224.8358180096171 26.477934644959756
212.27005556593278 30.39190733320711
208.98409498633688 29.79152884481072
215.06066091826497 29.436236316771073
212.3039981435982 35.21400832359881
212.26727105706155 32.72030150466033
211.0685458073807 30.733413296073895
217.5426778565328 33.16501155845621
216.25457224012567 32.131301052318065
202.94693148455335 34.966053906657955
201.4630695134287 41.42517007901394
209.84990463390795 37.13106624087574
204.09888108797466 35.46613587606981
211.71553300631592 34.79583454107608
210.6615933122674 33.490882246565576
210.3173024251308 33.59475190697121
202.3830707214658 37.82380712773029
208.64643093482474 33.9133478100154
212.61930471912012 29.997235402420227
209.07546449735077 33.02702340596142
213.78151356247156 33.26178592359129
204.0741955295152 38.218917283512056
222.5782556040484 22.250192322065853
203.25757840533848 34.756159808191995
209.93354442811898 37.68056431362122
209.29563621896727 31.83920171742147
213.60606551495098 29.655669997139704
218.1076971560833 29.532185426902497
218.83181224559354 26.535916396383975
231.87493192769927 23.136836851759604
214.46147320448821 30.640130619728687
203.99440129928698 34.37377851357391
208.14682691023506 32.214323268654326
211.0047579825337 30.521068458120794
215.38518989021108 32.81349712808799
206.49344867626712 38.47469549369966
209.68161475889536 36.571762800603366
214.31265145999555 33.86479155979565
202.99267760666018 36.976716104144316
219.31409594660252 26.37909079893103
193.7047466880211 37.31601088985959
190.26770272962955 38.80043692931909
208.6234710938519 37.499932739815314
207.31718168425246 35.68289188456099
209.2502622615293 33.74684122527581
208.63878808098826 33.603608003857694
211.83610435324798 29.11461248356913
218.03031745080708 31.221106822798152
209.57654578040456 35.6948078996657
204.5408969464874 34.94933442577938
210.86095488190512 32.3040860780435
206.13020127445927 33.68872969481276
207.22714712302795 37.38135247370847
196.98467109136737 41.603257670290944
209.20184410772467 35.69907945639706
210.36622201756035 25.646433123445654
214.40907491148099 31.67455475713706
209.61356811620666 32.26427950281802
215.41868826544157 29.130503183427685
223.31669417295114 27.280025243231606
223.86192587461937 23.359128930971565
198.69416198963407 41.6061276226163
215.92884814924264 30.041973670442683
198.86036640474916 38.400625104528054
214.05628054565528 30.513364367319394
208.99788055786044 33.397125987220555
202.93971462611108 35.86602078648343
202.17622763689155 42.455523279316985
207.2649893272998 36.1247542143079
203.854466304996 38.901462345246415
198.12060931117557 42.48128079969706
212.17589264280718 37.71786473666711
201.06538012552446 38.55676962853615
213.94960283460404 34.36599297080826
207.17912811590543 35.126543037993805
194.2533974185237 39.9827607327954
214.38471071209955 33.77546058592554
210.41240396398442 38.56990554061463
222.08576020834562 26.303408574428502
191.2954381016939 39.12005634032741
205.90801578061448 38.6000985767033
209.7412008204276 27.84182836565519
210.27022955589715 37.46478450835919
206.55185398653234 33.24283355345861
224.24933940174924 25.385191020061292
207.09272510963268 35.88111004318679
209.62645437929095 32.362784817015466
219.6242496358771 30.84344638828813
215.6885491740948 29.80788802314148
217.86286807813377 28.72068043162564
214.40765664752996 33.57385018372842
217.63765277092287 33.770696085825676
211.185291424382 28.122945025534282
203.5366062259553 40.56801710407817
208.15556657062385 35.37742946656352
205.2679783385543 38.654378875194055
209.0145002876163 37.759396019815696
207.60679325556904 37.6456054886468
213.82867618257038 29.20172573641688
216.55520206050696 27.180245470020704
205.14804640204062 37.97509750497059
205.00080430856275 34.53774158818301
206.47836857893225 32.61481703417959
217.9139062785667 30.453306344014063
209.3969666786946 33.35093106256102
215.13274532525375 35.12182500787094
215.4314135617999 28.867928245851218
215.23223805615987 30.0234157961008
210.76601686862304 37.86178576089116
206.5575895606161 33.96425022498244
194.9118609946336 38.079225830333876
212.31837482692654 30.12929001356972
212.2807963816423 29.02669103307569
205.47487891121725 37.66412449934329
220.76747314989677 28.796735971181537
220.22612896849466 32.07905797386999
216.12915159604546 27.37619507650769
209.9951611663434 34.98923337600647
207.6535204431876 35.83636591622909
198.14507456216074 37.786212120744565
211.08699708542733 26.698547653640112
202.33043357143896 37.58958269843567
198.1923107187331 40.1298965956133
204.14441059544316 35.830878319131415
208.42866061598417 34.69514036148405
206.2096257619339 35.683401439931146
206.48636505040506 36.7750315089649
221.9222492940915 27.085038806573916
209.83831408940148 30.276372414325046
213.91876614075824 29.05530878796301
205.05373633308184 37.58881231259949
212.51969545292874 34.83812406025213
219.34488431161878 26.57137090952935
212.90507944320942 36.36836289449122
217.49200259970738 30.971634591261196
218.3266688477878 26.973413815953702
216.01181237201143 33.67180118664434
220.26871220393429 25.335760885900875
208.70091726846013 35.05881010615113
207.55506838220182 33.6340057306621
214.31809743218537 29.912417333929504
198.0685746838078 41.015359898058925
206.2298780838139 33.47424956187219
200.35037742976397 41.4698244021302
192.67225243515648 38.55085551671338
209.50434085019657 36.86915364639534
217.71974431062114 25.84372090737284
207.04140646592893 30.930825197984625
215.28973690900656 26.357249795498426
210.1956396085316 35.953787214723995
210.14989020269053 37.14960700961703
204.41553653908684 37.445920417971045
215.73209435284602 29.684716161623193
220.2016318157628 28.99803987060319
203.23180829972952 47.72109671558395
214.6022592832591 30.984773125239702
200.43433154595272 38.92803337638244
207.56273698895353 36.40261365728174
214.69130158315886 35.606083029927035
211.57112001987068 33.78577720599527
212.4017152255172 31.544493223846985
209.99600089257834 36.248701297462794
214.6646870469357 28.97772567811468
202.23393058668395 37.511170991580684
217.98869542631138 28.708866121065
221.1711807004589 24.908698555414553
208.09277294487572 27.644499593365055
205.5321933838733 34.99920842240215
215.48978293714103 34.77361300878988
211.90843478295062 36.11171417042585
215.70020356891015 32.71626389280004
208.3690919043174 37.92869099883229
203.1584755902194 38.49387482840376
202.83145455989708 35.967046974993636
199.3162851789215 37.95962173191504
212.3457634333755 31.789473719119798
202.3795038658084 41.54516923193318
213.48455884094628 34.027278350070894
214.65997249308612 28.885586004675666
195.518910965873 39.038979590019444
217.25220056550907 26.379567630195524
214.93293015800432 28.871626304174974
210.6231984092908 28.066512593770803
218.01368935515032 28.66224590677154
216.3347276513932 30.225925309443397
215.39410675516166 29.97694602481088
213.40225847370013 27.336244609872068
203.36907414423007 38.99114335740743
209.46715580939752 32.98913354673936
209.33499964160694 35.018736363756
206.48784017062465 36.65172098202453
203.2090728254512 36.050278234244544
218.0298822753768 31.626078849676738
203.38527896627852 39.284814761860325
203.66450241259238 38.84428692678696
195.6069201046364 38.449469507980766
206.29441800763635 34.94989773140753
220.86726376290196 29.57399699246728
222.26286598610972 29.594635297004537
207.74131724314142 33.864513537723745
217.4280185209877 29.20763131686786
207.38487918210436 31.205602430570732
206.0645510110181 28.056303999634636
205.72671395348084 33.0941334247904
214.23366593874005 29.62494110504666
209.27240967785588 37.31649308628751
203.1188152429404 38.038610308930316
197.0152227995992 40.8827824561422
213.81903878232706 33.44154569758508
204.16072547052437 37.45745234882479
212.17494495201706 32.018641701628965
211.56744076899847 33.654127522373024
211.60546683469514 29.726664970482357
204.61552271408988 43.05119843264589
221.66123854643806 22.981403606226838
213.8284049952099 32.81422170692808
215.34930362956862 30.650785647126856
203.3903629083566 36.54944482139163
206.762640348936 35.49027006692154
207.99579046792596 34.080960325163794
218.4445786965772 31.81790148704553
201.31657633368567 36.97947608110908
205.94235331636617 38.86938716676552
211.25152090335604 36.46999842100337
206.73190370282342 35.217628526953476
202.1802000252066 41.207732194775815
205.7930478112074 31.704455535061243
203.26586888062448 30.939752412819864
209.9092722068281 33.65233879392619
213.70711326278146 35.21285499287041
208.84749400989224 36.112592878800235
211.93447551093075 31.68873208932899
196.7452057895426 43.330997392688026
206.54042382838875 35.304379682223214
201.55139737649253 38.83486829679128
210.77973275379674 32.93780130081981
210.2722787169408 35.95389516254982
217.50455884810168 30.998970410105425
232.2452845979567 19.11440637939249
206.2156379770352 32.72422228877648
212.222372485066 30.203470752593905
189.975333200066 41.37651001864367
211.6568036608338 35.06544854122871
198.5463665512707 38.13783424741353
208.20233646700996 32.36687145021197
213.67251086932754 31.233969117066014
211.38691743281873 30.574940830562863
220.6100398328191 27.299212943846697
218.42916166413747 27.35864036781728
213.2954711267718 29.61833955944389
202.625903908219 35.58497049682046
209.43245945640777 33.03557061234608
219.31175109921395 24.960272128801247
204.42024635052388 41.00520434272201
212.04660456112998 27.107747964078634
213.70600268667172 31.839460771904385
194.76789724178994 40.92447165322573
210.71812799825742 34.85125339006794
216.7010070009095 29.766935660052354
216.96871536121458 28.967869932508012
203.0074222873851 34.754165610504735
211.5018748429535 27.210366277493087
213.41171279224037 28.409385125151257
208.0988929684771 35.72751820174111
216.18514545484683 24.608863206182182
204.48923582227053 36.547532722511285
206.87173713181087 37.37480667945178
196.00740061613962 42.18079390245464
212.99744711743887 31.736344899593718
216.20154654474635 26.502615740400728
216.84949077932976 27.545618959305628
214.63850192203734 29.809393410311934
216.5183284949884 31.702657765116513
199.7129087359342 38.703720614546825
209.08895401921816 33.17859034081638
206.90476109788295 40.005023456003734
213.22696408977308 35.63666431253508
204.85226567131514 33.36942396483421
210.26739509877933 31.64148825348159
226.7864396923842 24.46436331612793
217.70209217578494 28.34451954763767
207.71295644886783 34.51055776092597
213.43056484299854 33.6336987567242
208.37577391800664 32.39641032751297
202.53791079174107 37.31446962220779
214.48166833902116 31.991232832590917
209.1888130841882 32.152650907843835
211.6691394222607 33.886366866722945
209.8746048898634 33.67162338725108
210.01045705288476 35.74409858319249
207.18677567940333 35.38734774773234
213.55562175721417 33.23096692243411
221.10426132579045 28.8283579043005
212.45198866710956 27.978872694077996
216.81758003044894 35.58311178328977
203.09937151540552 34.47379283911967
209.68873284228715 36.20902737214345
213.07654242336898 30.283416369132933
210.94059181590487 35.543382690326055
217.4298101320356 35.59861334861868
217.35013347400618 30.089832269583155
213.84479707664903 30.191904104561438
203.44521511460061 37.466793766858174
211.78764277089982 28.55513634263429
205.9694881815297 34.590997146513764
211.53571622905062 31.734534745805167
213.1860919903855 31.76088617609021
215.35992585471698 25.689721449216794
223.06876101439562 29.703760632857424
211.09315466765167 34.422202424861105
213.34307500672296 29.436455805067094
212.0293787846567 34.23493295799681
213.34491943909856 34.22199957069998
210.74858365288745 33.09279126017193
204.27997476861248 35.55901175396269
208.7810356302775 38.55342895871097
210.5148065170797 30.334272747728942
212.53233903669124 31.354178213154228
189.4626150184027 46.197671727380154
199.9412170557196 40.53611439223336
201.68985854563425 34.096540409241314
211.7003336140732 28.339808259835653
207.1496916365556 35.458741478001386
215.08186049273218 32.41972235704585
208.79499588760177 31.753794351097955
222.5899569331971 24.55891370272049
221.9357002441213 25.339555845060055
219.24607186658193 30.93490197330264
203.18750565757196 38.10313500315014
216.02010016605587 31.771675606139006
208.97249032217454 34.689127807733875
205.93083233488485 32.46509345217252
216.15328577890187 28.32263891665419
220.21864670874706 29.133790161449035
203.65103795169034 36.45883130453045
207.02378142934776 32.652372622898845
212.91379281748132 30.37146118855211
222.25469930981717 28.674064341957237
203.90011432363454 36.698525574013566
206.6401776086322 31.01306300307665
217.51983421130123 31.589500578047403
215.86699454023952 28.759354588790657
217.14131266165418 28.700388326246106
218.53594710849097 33.32367134633209
209.34025527005275 29.875220920740016
208.54664169644633 35.83722080848678
217.12371567200933 26.237473389639973
208.95173703507024 34.51722365250645
214.04779443236168 33.447474901805634
202.96501930487415 36.14486217319127
217.41032944623765 30.15954065153842
214.38662020697174 33.830979124209165
211.3239699387099 33.96433470051202
206.28554109389293 31.80101223116056
201.14088522519714 38.508560206751916
207.8713437686928 32.75190097840216
211.17520147985965 30.252946311618185
210.74644803817336 32.825652024066514
201.56426491892495 31.919914031710004
220.42104423715432 28.25445829147305
191.11405600729105 42.83846967910002
212.45768283974854 31.299686970087755
212.89144203814269 29.06033396733293
211.1482843885746 32.50753588333375
208.48243253976094 33.566650513029884
212.4489334029954 34.41127382140429
205.87232441445562 34.544290333860054
210.97100311049886 32.42937634082139
213.48638373071896 33.25076633026765
218.78271563977734 28.021913118689913
194.1944049506276 42.05144933351118
212.22926154645083 31.539074007775255
