1 140.01557855560225
2 180.51542390319239
4 169.2641279968729
4 161.72080687610114
4 178.96350194178598
3 162.39048634861777
1 151.30245932851352
1 158.92892600872443
4 173.98268056349596
3 167.22167116873746
2 161.05180184897853
3 181.02067454349495
4 170.49116831395472
4 161.93476794404214
3 149.1880477548784
5 190.99012125182267
6 164.74764162758055
6 180.52587858492134
1 159.33931711136827
2 168.64925494505928
4 172.4017208791363
3 164.60005132624076
2 157.68242479087246
5 159.783848177291
1 150.62131645934176
1 161.9316447161777
3 144.35469129808257
4 175.07352231430727
1 156.28560968037084
4 167.4817623338365
3 181.92440328726693
6 188.86833073187373
1 161.07889775207082
4 170.65772403215817
6 168.69270452156243
6 188.08058435404695
4 183.69333165452522
2 162.13667723505318
3 180.50738342936282
2 165.77025986657253
2 159.1955245909134
2 161.91794023258936
2 185.55243612553355
6 161.09201871790566
2 156.62411957853107
2 163.4606259886677
4 172.4299121746759
1 148.77037195438334
4 175.45599880139383
2 156.01634422917488
3 154.2588472070063
6 174.7998311253464
2 151.68193394564946
4 154.65848788439607
1 175.0212098397919
5 166.08853808575878
6 168.37100021067928
6 156.7293635346444
6 192.07426851904816
1 152.6518003753851
1 148.0356066199547
3 177.56959481914646
4 168.8702830315545
4 170.02107489462426
1 166.67474328177917
5 156.15043439861157
6 167.37009317187355
6 174.01148517653354
3 173.39278563896804
2 162.20876826813745
5 160.10029888701595
5 166.2900185622091
5 161.81324704377252
3 159.64184533188094
4 174.05288890898248
2 159.6648748508535
3 172.85499257956633
2 152.75690682390865
5 162.2058170017593
2 161.3024298396787
1 155.8018277507612
1 146.9720845209635
1 161.58685318015264
6 164.85617209130947
3 167.37396433399047
4 169.27382758300382
5 175.51411336486822
6 175.12213726271793
4 168.99507371831984
1 156.624577340515
5 153.9165940947937
2 179.12375921728807
3 171.8499548763327
2 160.5935734276291
3 159.2726919818719
6 182.9888554196461
2 162.33262829608964
3 165.26522145744198
6 183.67950863692755
2 179.1848543437535
4 162.24118798116913
3 162.4066349119245
1 157.45905306913392
6 174.5553352570026
3 161.17699181405
2 158.39643991913937
1 167.52528633515237
6 189.90729755701173
4 162.39170263140917
6 170.6970439128496
6 169.71249314688
1 157.18155311499063
4 166.973972694453
5 187.4994135266537
5 192.53326883974773
1 149.33227466383522
5 161.76387544215717
2 163.68487796416963
5 162.2833064423088
6 176.7304211970323
1 155.5792163533628
5 182.21773792034014
4 165.08473687462083
2 170.33656785625598
1 153.4747849446197
4 171.13848014261856
3 167.71332066345948
5 157.39389417917076
5 164.91676262225582
4 185.86996126927514
6 188.50793570207935
6 167.232079787035
6 178.51833674963453
6 169.5722852536061
6 192.7944364514055
6 184.1557984172779
4 167.65667032860506
1 160.09109471864937
5 177.17318473465974
2 152.0044412926023
3 175.78710701625192
3 160.56790787686145
6 188.15735820564663
3 183.41618805102397
6 189.17955333458886
6 168.36301561169802
6 179.6237269476138
4 164.44881646597136
6 185.7306301974855
2 160.299728744044
6 179.2807637262427
2 157.0771450741216
4 174.03775388914514
5 182.06821676501556
1 156.36206344889104
3 170.66596643173895
4 182.99741989673115
2 147.5931254881555
6 189.76091609465203
5 175.2915771987941
6 183.44976371750096
6 176.39454358434858
1 168.8647295073669
2 156.6964889754874
5 173.89724187245287
1 159.74668344150498
1 164.47761403416987
3 166.27844619556433
3 166.36373165378873
6 173.54483394352195
1 169.48744242728358
5 168.2487417572601
2 155.52059433512457
3 156.43654280955275
1 155.95543348801087
4 179.1512626996288
2 163.75066881195175
2 164.9179037220863
3 167.85401017132347
4 167.98828713275918
5 170.10679848825748
2 151.84789475529996
5 163.1055240917162
5 180.75852315338858
2 165.84274362862013
3 179.23152518768725
6 186.33626601295313
3 151.4005568299034
2 153.7548699051165
3 159.97978451432354
3 163.3971588385625
5 175.11246448757709
3 169.82238011614143
4 186.49028610003458
6 162.5020256437709
2 158.43591573465997
3 163.0630900860265
4 162.96192769999752
5 158.28924781414858
2 160.67006503336287
5 164.92980634187634
4 162.1898233303576
2 174.69785890542568
4 171.30408211581792
5 178.61195371029922
1 151.81687183594394
2 177.25264400942103
3 169.43114705723832
3 155.70550660054855
4 162.58330212803216
4 166.10910177361606
6 158.28635957311496
2 154.04024462655593
4 165.79023290086676
3 160.7420742437829
4 165.6995620782403
5 163.92485205409338
3 160.80998566578086
4 167.7285501008624
3 174.11886249706814
1 157.4602765477939
5 167.79885261839996
2 153.6296071533398
6 175.0513622892259
5 180.19613301085388
4 172.6373118021141
6 164.43006228692596
1 156.50119736259472
1 159.8320439854827
6 185.48539842182882
2 157.15374633874492
6 168.67583509541208
6 179.84665443242156
6 159.9896026407997
3 173.0281758319991
6 186.0286796395465
1 160.0670009365216
6 185.5500391639988
6 181.02395198570602
6 186.62506156868892
6 165.99842135093442
6 165.47205035072054
5 173.89342608795883
4 165.18608566012935
6 175.76214421322592
4 185.7529159557516
1 157.06061335994232
5 166.36438208337287
4 171.51854585547923
2 158.44327957819547
4 170.25891514980796
6 192.7616219218392
2 162.5513652626543
1 170.53948672295397
1 167.14923760909193
1 163.48954965889797
6 179.61299002769888
3 179.4073188782935
1 162.66070330945374
5 176.49661756232834
2 158.70759142076744
5 164.90160628178012
5 166.5528757228432
2 165.54900260941037
2 149.4600843136392
1 170.52716703527295
1 152.45096179344364
6 167.99561209772267
3 156.5119719836453
4 184.5053019796667
4 160.9467593266678
5 163.18381926272951
6 178.056412713331
2 159.61260572524765
3 172.00700099275087
4 166.97843803757561
1 158.00096201915068
1 152.24646603833156
3 167.72858395493384
2 167.10920122307743
1 153.1595796712343
6 180.94798573563867
4 182.4637250489029
2 162.50041055136313
5 168.84059562326775
6 172.73498780759255
4 179.0287406170767
1 163.27950919868314
6 176.3595419248296
4 168.92897870193065
3 164.1836394606536
4 164.33751914244624
5 164.91774486066933
3 178.68700130713268
6 186.9478743406656
3 173.32938215079767
6 167.79393740337215
6 173.94820572262358
3 168.41770885984823
6 181.05211202478029
1 163.5740474145743
2 166.30170682542786
4 173.04211074926715
4 167.9278135175453
6 163.61418951692954
5 162.7436840104589
6 177.28784433808957
1 162.93023573189444
4 167.11126862326657
2 151.95336106223579
3 155.71690372184068
6 173.1890972957133
6 188.81482311553705
5 165.78252309722149
5 175.20322364325096
5 193.36089132992763
4 161.12164302852995
3 171.35593068714408
6 180.44562703637666
3 175.85654038202318
4 164.90645754565796
4 175.8888451746685
2 161.31740111991215
1 175.28174013043548
2 159.02689991812602
6 166.92967220390042
2 168.01700392095577
5 184.11364148038538
2 152.53772060465826
4 187.13067470817361
6 188.72698061355405
5 179.50006429234236
1 139.1254412685025
1 144.07338826433516
2 175.2603709866876
2 159.44592949780812
6 182.76482817806266
2 160.46419498339145
2 166.19807135587072
4 176.9792649840396
3 171.30633834633693
6 180.25247967563422
4 169.4143187421591
5 161.690980193932
2 164.34867289293086
6 175.52128103441876
4 160.94289131554754
1 164.94761267288743
3 175.69111971194755
1 157.90313010053964
1 161.433252566406
1 154.8532563769168
6 164.82149548645927
2 168.36368806122496
1 154.89881904371788
2 159.0340638865021
3 177.29903626273114
6 175.61790902074574
3 159.40824414066773
6 171.19723199854306
5 177.21605773614823
2 164.3692649834482
6 173.91853269668798
5 172.35786697780227
1 161.60063761071376
6 173.9148090537229
4 181.04897275935377
1 150.87671321793314
2 184.10044922127798
4 166.89937293192926
4 174.07556925925257
1 143.50175797007591
1 171.59686293593208
3 146.00594199009757
6 185.3550819890125
1 158.29300902952198
6 181.39632646112736
2 154.2090578633287
1 149.63328874365624
4 164.52727102544537
6 166.6735773156117
5 172.61884557554546
1 159.0152001806564
3 177.62961382001146
6 178.95983295939752
5 167.06760876415206
1 160.81426532180177
5 179.22144474843432
6 176.86854009722467
3 154.39323481634315
6 173.2375473318194
4 166.11480221875775
5 164.8760575300153
2 161.8294690068229
1 155.02362801761714
6 170.72890972772532
1 161.54972138965016
1 151.6700875502521
4 167.53604914222063
6 176.8981454307336
2 165.90650701953717
4 184.31100058048452
1 162.22160668798705
4 171.02431606364325
6 176.99239216064984
4 173.58456578325288
5 169.9059432247678
1 158.8486181901805
2 166.24332438547256
4 174.83097262831578
2 164.1922097494531
6 164.16678287721746
4 170.1568077741399
3 165.97394208093027
2 174.70153028588618
1 146.40679814400022
6 170.89198013796317
5 180.47425519659274
4 172.00268844142346
4 178.57861683898022
6 164.515745641406
2 163.26832047165144
2 156.3026408201244
4 179.86909465415098
3 164.75956109674132
5 177.88645905483313
1 168.7008178728423
1 141.53505699546565
3 162.2558574912735
6 184.87672417712275
5 174.48825065436486
1 158.5156755750775
6 173.8273433083738
6 185.65968865267553
5 178.3704982408673
3 166.5168337697701
1 157.92437645425377
5 189.12391122989658
1 163.3117205333943
5 158.65831991753137
1 154.15338624327944
5 191.30685058235775
1 152.26863336010047
4 177.54067020709314
4 169.30791719898792
2 166.14352861054024
2 155.74886209443417
4 173.13219266511686
5 167.9902520429689
6 173.92987514202753
1 157.57009753042755
1 161.86783849052932
2 171.3412512015974
3 167.2980496166384
1 153.98827469448094
3 164.2102853377466
4 164.74675430945558
5 173.56566142121258
6 177.90276067063257
4 161.18818627951208
6 162.69805006735632
2 166.12970343200257
4 179.5915377543313
5 176.76953101897172
4 171.0759519576555
2 167.14349251258628
2 148.2850043222368
1 156.35886204229715
1 154.48519071068824
4 173.55161588325151
2 153.0085912418264
5 165.69672129812133
2 161.9888236372251
1 146.5835437553306
6 180.96584110727966
5 180.96104579594632
1 152.43272625257387
2 156.26903381145192
1 156.8768769278952
4 163.18304513562177
3 160.97255903272548
5 169.08418834623694
1 173.09653933680403
6 176.32921998410384
4 174.75380249780116
3 160.41553167585937
1 167.6829222771711
4 168.6905715123082
4 160.97938966678748
2 162.41677542897682
5 171.1719686824221
3 154.85739386983693
5 179.9313936368373
4 172.2238462674578
3 184.30149012039664
5 172.6302802931858
3 177.15626794059955
6 184.91595572310635
2 164.95140765788375
1 157.3187410125735
3 170.38319879857195
6 178.86339831205555
6 181.83220942948495
4 160.0012966635243
3 171.95180617887905
4 178.09176906038832
5 163.69590423603333
6 178.31905993911388
4 183.37862965578557
2 173.18044358934617
5 172.7890017069442
1 163.48879140209206
1 160.3993531524029
5 193.5061244186182
6 189.20879060367386
6 160.93977048963862
5 168.91741468218166
6 171.25327442999148
6 188.36002336229078
3 165.88395824514518
3 167.91015574273172
3 170.0035148662797
6 173.83813742321786
3 176.13720940689976
4 177.21668578895105
6 158.05936080605434
1 166.37078371388296
4 172.3401244993196
4 167.87248620693745
4 167.3506949314759
5 177.9560224304845
2 164.87713452222565
1 154.00397257402776
6 174.33005793350108
2 172.55658041857822
6 182.02344260522355
4 173.73757459482516
1 154.94466783635977
2 178.49939224064215
1 161.3165838400653
6 176.39715079917136
3 162.61994401626544
1 144.17690261924605
3 170.31402674393973
4 180.5062112927833
3 162.98156802534982
4 159.43947681869378
2 153.94361417200133
5 165.304957970588
4 166.372940328195
3 153.7157309040048
5 180.39892533196013
4 165.45990415836297
6 166.56508873053053
6 177.34983165257515
5 156.55518500882633
6 165.73837170692445
3 178.80942932989967
1 162.61825709623474
2 173.72490188476317
2 169.44203812871015
4 180.04827108910538
5 176.58856347335373
6 196.117646316913
1 171.52389951404942
1 154.4916812376038
2 180.85052666631884
2 168.93839491608955
6 185.41267187368211
6 173.02440350428225
2 171.33537077023422
1 156.71578404415862
6 183.93493963203204
2 169.07550446960272
2 159.54624630941368
4 167.72508479567696
5 148.96978818554084
4 172.16714260400286
1 164.71276586224135
4 170.98543671874936
4 172.87849517992862
3 164.17851509842637
1 165.05987199130206
6 172.63087010779924
6 180.5197268198281
4 159.32636854529574
4 170.04684720323723
4 169.73036190279115
6 186.3216639690849
2 171.4981746022466
2 158.67861992138208
2 155.63644292462064
6 179.1196883786316
1 156.71701114862412
3 180.46228363291138
1 156.91804340436852
4 184.3429468646114
2 160.7065689122152
2 156.0499803281662
5 169.7919236718641
2 163.68433784211996
4 170.32061090352232
2 165.03203350237763
6 167.56175171167112
1 168.6770555324397
6 172.25495813142103
4 159.03742853206458
6 174.91840346356366
6 160.70128817269557
5 177.40050059957457
4 175.77672832821577
3 167.3162451940008
3 169.3454019770326
2 158.2483097656678
1 161.72551822914107
4 164.17788160000794
4 173.25022304598576
4 172.4709141381213
5 192.281261387403
2 157.26619982510692
3 168.81979309096866
6 174.07077261186427
2 152.32211614601647
6 174.92198130446766
5 172.54176353405919
1 155.32792875304102
2 174.73467997804744
4 178.26515202816424
3 166.55806361706368
3 160.3553499720666
3 168.14986851115998
2 165.2053872523199
4 175.4859744012711
2 164.30813263946055
1 147.02759597420837
5 170.70595957043224
6 174.8511719504799
3 164.19960224989867
1 163.8122436745461
1 161.13898941199724
6 180.9082425520502
6 183.73894007171154
1 157.04384989644092
3 178.62197959412745
2 181.7496297611875
1 167.8116146922117
2 163.85814728234442
5 177.36994858162066
1 145.46369756513474
3 160.03974444162168
5 167.53370485397602
3 175.33732131153616
6 171.0538184903533
1 161.82558888128415
1 162.5694372479154
6 167.2777893533333
3 169.22670328739483
5 168.90865519943142
6 159.63576065001791
3 175.42550113809202
5 171.18234279204128
6 151.60638711373971
6 187.25640119633292
5 173.58397344115332
2 165.31444257182508
3 176.875553812693
1 158.13223152894255
2 177.70678469942652
5 182.9900566538516
1 155.2985497889462
5 172.80738737056777
5 174.21815813780512
1 153.02993990879426
6 164.00783698399266
1 159.2927364059086
3 170.30421370578364
1 164.31245684027132
4 176.6940151501182
2 163.9701943370997
1 156.3291395305651
4 156.09894808750835
6 165.21331694527532
6 185.30343166834896
5 160.30265557560867
5 172.29869698094646
1 172.0419474211547
3 164.19234514558963
5 188.25811145284788
6 187.11308190360035
6 164.37490448884992
6 175.39484872438015
1 151.61219953418774
6 193.1357560706655
5 178.00017192815932
5 178.71867783280874
5 186.20605246942398
6 170.79024564757074
2 159.12751965499018
6 173.36703518248876
1 156.4163391468045
2 157.03650766563663
4 167.85384443679663
4 184.03262215182173
2 163.92888540992422
4 177.9739222975441
3 178.17625513565636
6 183.07418705461072
3 168.89371752972653
5 180.03287676544957
1 168.456552299124
3 180.411123034457
2 161.20484812255978
2 171.09057321527823
5 166.3808845477673
4 168.7509514042459
3 170.30573449242996
5 175.66611757650278
1 159.1865203986829
3 165.01919334655017
6 164.91415329241877
1 153.30537542114288
2 160.48228119935828
1 158.54713758758558
6 172.73115418493393
5 167.50466811047656
5 166.1139133645649
1 164.41385708911452
5 191.96849668457693
5 181.1377475218799
2 165.84436934824748
6 180.3585019403787
1 176.87882596777462
2 159.77049633671268
2 162.397630578288
5 157.83877902098325
3 152.53304042009194
6 175.7620739832367
5 190.02283292984274
2 179.2624023521305
5 183.2721428135973
6 182.4544587720752
6 171.61752024929459
3 182.7178932184442
1 148.13262223952017
3 174.73277506907075
2 166.96426681543758
2 162.186413111639
1 156.76875744670068
6 174.2725845588424
5 170.24979149056327
5 166.17163654023148
5 186.45430510363616
1 144.26149257109708
3 166.22775796008875
2 154.90313907011296
5 167.68589538553638
6 176.6372086473808
4 167.7002400735668
1 157.23345118633975
3 175.0118200511346
2 147.00184837803795
4 155.13158377811934
5 176.02103057282477
1 164.69080798851158
3 172.58514723147474
4 188.47690637750134
3 173.44520940915623
4 168.8297220932411
6 196.90317206741113
3 166.79481618087948
4 179.32910270555433
4 165.1325280497528
2 166.5904131502809
1 158.26605418955728
6 183.86295033404676
6 166.84806866436887
3 163.30774048198384
6 166.54158312851632
2 168.86430438190314
6 181.3283032953938
2 169.00331148032907
5 177.9100252567411
5 183.2222241759336
3 164.1411666764507
6 170.29466414492143
6 167.19880290368647
6 169.4449090440513
3 171.86530997580758
4 168.99596847313876
2 161.82153441943086
6 172.9860487713443
4 176.643219551157
4 169.91175086181224
4 166.39559809554098
4 188.48013416880602
5 166.11514426012596
1 160.50348568188963
3 165.07620692831728
4 167.25182378536135
6 170.0934315637544
2 157.048475357457
3 156.7376256833403
5 176.3302727269908
5 182.18663130578184
6 180.77918263910112
5 165.22512479790032
3 175.27654584382793
4 172.29257903244354
1 159.20322134041328
2 169.06120803371422
4 176.50425898276342
6 166.2152936122028
4 189.73932960707572
5 174.2332089668375
4 175.50894544129144
6 173.1982714435405
3 173.68226490629402
4 159.55493616543419
5 177.84286287166645
3 169.70503002566593
5 178.51965364003354
6 162.53927788027056
4 170.25767404751545
5 165.80658038871366
6 182.6483002353952
3 158.90714422669762
6 175.59187715686357
6 164.117795250718
6 181.02040254555266
2 168.33726876506904
5 171.65013094175143
5 175.5411649842483
2 165.08213035116734
1 156.15667193583883
3 175.66169345894355
1 157.8221647179691
4 178.05732068297772
2 165.16078998765104
5 167.15668744428717
2 174.2387220391231
2 166.18089217769813
5 175.09507332875515
5 159.69430644852585
4 162.35547820914985
4 183.22233153267587
1 146.35833046620007
6 181.77382636763426
3 165.49784948841938
2 168.1648113357292
3 169.35722806285435
5 173.43618945280758
4 185.4965069318246
5 170.393773687499
6 166.8263448231009
4 170.3753975145117
6 177.4810690078035
6 188.53602728121106
3 184.59405348579767
2 179.09789837976507
3 173.76090444339562
1 150.62178599927117
6 180.59754778040065
6 177.41336293445542
1 158.28276026535787
6 160.98023775035261
3 156.87764022948065
4 174.74281629593486
4 168.90592412802687
2 163.2358886889087
5 162.0289769858002
4 172.77651611276605
1 169.7847035912149
1 151.7591733368944
2 173.82503691759507
2 163.60030769751032
4 163.73852162860373
4 163.98177678661554
6 164.5652273611787
3 189.94850761323283
4 183.3412970151919
3 176.17566536957779
2 172.9490974134573
2 175.23191656091873
5 170.8929155329106
5 168.24105828702034
1 160.62070284727338
1 144.54060155433282
4 170.2396947872748
3 151.3591152239281
2 159.87796228311615
6 194.12028688914364
4 178.34222929024912
4 168.45826643662946
5 185.12496474519767
3 152.53650933158897
4 169.39665613218355
3 181.91616909804958
3 165.6059820771758
2 166.27146896259694
6 190.0457618371053
1 161.70407039146417
4 162.38466790053414
2 162.50110040668096
5 170.1604993877169
6 166.10739113370266
5 173.66084835442874
2 175.34984976228702
1 154.23771646398913
1 167.67353216000814
6 182.3806791613958
2 156.92577349394458
1 162.34537732129093
1 157.62657008004072
2 147.93345928773047
1 138.40724834902124
3 164.03568354574557
4 167.27977179113955
4 177.06265788125324
6 166.8930723063613
5 177.67733768228794
5 160.8217288059306
5 166.95984434834676
5 185.47844176534556
4 176.14998898426708
4 165.41479585565455
5 170.2876678036376
5 180.2294002370588
3 179.0982305617242
1 157.40088812799527
5 187.36754440102968
1 148.4137600656251
2 179.53814977501875
2 160.87625071054686
6 189.4151840498885
4 162.91982205658815
2 162.8817328210079
5 182.6899124781209
5 162.19748735048785
3 172.30613858855608
2 162.69511081408066
1 150.9647166005416
5 177.8264125762849
1 160.9882557554852
4 158.48712716351432
3 181.77131061956607
5 170.56505286238828
3 171.99896044049953
6 182.0062566609206
4 175.6240714993137
5 170.81341352071206
2 157.86007854103656
1 160.05009204375762
4 164.21688906265462
5 161.95292325123665
4 165.29518990243815
2 156.39354190852333
6 172.6103535791737
6 177.31571715403922
5 159.1393313110726
5 190.92981208857412
4 164.29930878365377
1 156.88463913194883
3 164.70622614854122
6 173.5540238798385
5 178.69197647333084
6 171.75779340334765
5 174.77521613677214
1 157.88755358786105
3 173.88185182417845
6 181.0223946548407
4 168.57640132749324
1 154.81116397725444
2 165.96430573944164
5 174.25460462277655
4 156.13244347614813
5 166.4454557263286
5 179.66221343691615
6 160.1394233373691
1 162.19566560851985
5 169.67976630383004
5 160.84816504279286
4 172.47963858789274
4 174.12528685270638
6 187.91554665086622
3 161.4498290763734
5 167.31017761643037
2 160.99086263054684
5 169.9608284735047
1 162.81195631963757
2 166.71230858547122
2 168.18856664180757
3 160.84418506728625
3 161.60693121621793
4 165.1393477157982
2 180.068481276951
3 174.10177857233313
2 172.66732685460008
6 173.3079982451648
4 171.40416592906416
4 168.17049649743944
1 163.17047870675125
5 166.19293629158994
2 163.89944046427337
6 171.93512339307762
3 181.20133381348504
5 171.6605453561578
5 176.26906078755957
1 145.39006588364958
6 165.53391413724015
2 160.12210495543923
2 158.95266609817173
1 162.98964019991027
1 146.86375122632398
6 169.08565536923007
4 170.52298803738606
2 163.65416616645612
2 157.29477180589038
1 169.30245041640387
5 182.84617302104945
2 162.49287895579837
6 186.8340427002931
5 164.2264210376875
4 195.2502725815782
1 171.80494584356038
6 170.0787643668517
3 164.69069527647832
5 176.91795305922307
2 170.1511567122589
5 170.07059607172826
5 163.5576024691844
5 163.95699850648157
3 155.78424139085456
4 168.2481715145661
6 181.9116436332025
2 163.7706703565143
4 169.0696018958314
5 177.81956305489317
4 170.01485175877733
6 189.21487917492695
1 154.94042280195308
2 167.51990263602002
5 159.26462751717523
2 157.30710461407853
1 164.66166945444903
3 157.05602793460656
2 162.01067160014117
1 155.0258523330161
4 180.1691044982155
6 176.21592471661015
1 154.46240621635238
5 186.79817790856936
2 160.68831425941994
2 162.1102106124334
5 186.31496249286593
3 177.27356792548363
5 187.04296605035705
3 164.25413290556511
3 159.36800502296344
6 180.3534016291828
3 158.2343573279352
4 180.71289321054851
4 176.05294006560305
3 168.5941992721643
3 161.33640975361214
4 167.6340622895047
4 164.645695094892
3 157.6279703272079
2 159.82984855951116
2 159.71182697185168
1 165.38089022281562
4 153.27096497643228
5 173.61742934440738
5 181.3718664621786
6 182.0250095548998
6 178.14557087240294
4 154.23722729867393
4 175.6095299971589
6 178.47874180458706
1 165.1662848828893
4 175.08310528713412
2 162.64740330012938
2 166.22866433756548
6 166.3074583512277
3 179.41986267575237
2 158.53335384676834
4 181.7816448002966
2 157.54776013506853
3 175.0103085879575
6 166.41399729107155
4 170.53348987508068
3 155.78247639133292
6 172.09727512676466
6 161.29140049906215
4 179.27431375786256
5 174.6966343748728
2 163.0145188730122
2 166.293685807315
4 169.8586386993584
5 178.83466364053817
2 162.41042720038908
5 166.19897449543978
1 163.3827481307662
2 162.05922061918753
3 181.1433022836348
5 168.2778457698929
4 161.91875924749854
6 166.8996339891394
6 183.53671055907245
4 184.27287644182076
3 163.67726858090936
4 187.0272999569683
4 176.66433932059496
6 183.95801850247693
6 172.20294175234704
3 185.5355400339567
1 160.88702224630634
6 173.94983891558502
1 154.08583664528527
1 161.37264644749817
6 158.01646068088502
3 163.85020798336188
3 181.48669016122372
5 170.6682347829896
4 176.51814171529622
5 175.25571253576848
5 186.67727294749486
5 163.46437068493103
6 177.20199128228296
1 155.21139393900572
2 169.75121777337236
4 171.73458771456694
3 170.33204429847646
2 163.96450983880823
6 167.29058718200963
2 156.58832969765731
2 174.5011136211242
4 165.6080981892753
3 172.28066874666504
3 168.87962595911725
4 165.48878057990856
5 177.44633437408848
3 179.1486581010657
3 176.67627736716742
3 174.19855396094258
4 170.92970440125677
1 158.34095146237865
2 172.28121927548906
4 164.36508229709165
2 168.08948280830646
4 168.83919516736248
1 148.6277829749279
3 182.25232270450715
3 183.45805342075516
6 174.64767602053792
6 173.4940324565297
2 167.2731045401307
4 193.43370061446942
2 157.51674501994435
1 158.2953241816858
4 183.84105423219813
2 158.66111161307126
5 189.23211545879406
3 183.18249338967058
3 179.42181473269056
4 178.48374050457227
3 169.17359918442466
6 186.80617305613038
5 165.7290228978785
3 159.22441643044215
1 161.2498025790921
1 157.57282623659054
3 178.1002960993657
2 174.9295046309219
4 170.11886243599605
3 173.49209668947802
3 161.2862597099167
3 172.0295724338854
3 162.74181190668335
5 183.6708464124256
1 160.16546131187775
3 169.87758562414382
6 169.30814857981557
2 166.50656715736002
1 162.2893976649489
2 155.08958338671118
4 174.51631420823182
2 158.9187976727487
6 160.69379057238194
5 178.00650239634098
4 162.99194511243303
5 163.12194050625985
2 166.0972879285454
4 178.135918198354
3 152.94255539713748
6 166.62896159048464
6 170.1086831032397
2 173.68885120856535
6 165.98938309466374
2 163.45934710701178
3 196.7306142296314
