209.79285660794116 11.467256612461695
215.3611914911629 23.711194083589085
210.15684871242868 16.590708080990318
209.29768219444563 10.874572660399638
213.84194246367824 18.553029863432933
208.7321560999584 13.136599436191576
215.50421117955696 22.20030174103957
210.66081275586967 14.460013611193688
214.56542207181906 21.624873975010885
215.4916684989594 19.656883781620646
219.29294252400285 25.731497067051908
212.99160329396616 14.908233850433732
211.75141812046175 15.538749642322966
214.36551054449131 21.379279081576357
216.3085144431431 21.413418477903
216.5289597271962 24.265557487236578
216.04670877645847 24.477354681825123
216.8737990148201 23.948915628310186
218.3865616744238 26.30526594039551
211.11092192451932 10.55466918175628
214.6097495437011 21.738230428552708
218.87286626573643 23.471691207222726
214.19008235139006 20.253128681837058
216.66273895664884 18.02653618966328
215.30855472101635 19.20417617698062
213.78724914501132 18.712552669370147
217.8460970548785 26.75407159539143
216.2015915452683 21.05481127982031
213.61646215072201 15.030933549584805
215.12408253028602 18.140412928267622
218.4328695967006 23.74418908007063
213.24583730724044 17.497809577903922
213.54749681637688 17.51639696812431
213.41027334734846 13.08853085862513
207.39327559260482 8.752778514175152
218.53151714796496 28.517398148915042
215.46764360840888 18.84509937192455
211.9949458365045 19.508203447471665
216.72790788502962 21.469865016295685
215.15114205822945 18.51480903920284
215.41478654447528 21.545505693090107
214.9049429660685 18.94337196440042
214.56715343476938 19.031624034887507
217.2808176373934 23.73958912919959
215.84035874286027 18.924383781579422
211.82340627766672 13.41820100419873
215.3861321716109 22.6295309865026
213.89043123485206 17.7981580201235
216.012325520436 22.093977285421147
217.473998932251 23.287916630042773
217.53934890346474 22.046124896776398
214.4872863439172 17.637059200278813
218.2554882091318 26.214735989856976
211.9193408090039 16.574993658481254
215.78257017240944 21.666957214164142
219.19026451638345 27.68876236932279
211.72109095848023 15.936508487488116
212.64025032871848 18.938679949673777
213.41669412140854 21.268985186169832
212.27559326007184 13.732113344515126
214.2574304999172 20.74658746738041
213.47912709714382 12.059966995563343
221.51786150556657 29.905540760051487
210.7781925681023 10.947276020645655
219.27560353243305 26.430059031319953
214.87617238525434 21.52755690717993
219.03458056050425 26.766902598891555
212.11821491448651 16.10933933827539
212.33812153313258 17.902066258478257
212.7945097560681 15.7049970421217
215.41794852216032 21.293864856649275
213.34317216226378 14.959643281224196
213.65572918028093 17.175489569499806
215.42881101453662 19.439589845195133
215.06118259509736 18.543390975166023
213.32198350592884 23.21470258386807
214.36984853508093 13.253606868187788
213.65431447765727 17.792263055871924
215.2589071246889 21.023555708507413
213.77604241131644 20.69545664081101
215.40957883894663 23.609334372717115
213.98990318014162 18.969583414131844
213.4248667058638 17.53143146609887
212.45075388985168 14.588373621006417
206.85539507643765 8.988178333443017
217.76273155124085 23.330533384248476
207.63178633101793 6.235768050276613
214.64023046605067 20.076055247092654
210.95602108768367 12.928787367385972
212.75322554033758 16.57746031508641
218.90587829220365 27.128994885287455
214.93971445936444 16.71179593342759
214.66397585950753 21.14176333372092
213.67002795116403 16.93545300610099
214.13440545075082 18.673888733769328
212.1249065989825 13.535938225135439
210.80900334172762 8.994714992130909
211.44291868162887 17.385183932987804
213.74684429712684 16.62010027270932
213.81396064683202 15.127359264387579
216.98990715667443 21.999773831574124
218.62801131683912 22.302547679281965
216.9006401638662 28.55547434624502
218.7080230404658 29.87313013587022
220.19461839906538 25.40615444577149
214.5117878248275 22.729288868774297
211.25292868416236 14.296995370330468
219.39435023212604 26.633001417999125
212.79205255857056 16.95441913586487
211.17820831385077 12.284724593176374
210.98078633476217 10.919945366886884
210.73232898842065 11.451814897067958
220.9941040491646 25.70666957787746
216.32609525968337 23.347717977563814
216.7560159839107 24.212161928988458
214.52915108911154 18.74052448348372
215.0184928273684 15.5683801425233
214.04729530625156 21.522781023758107
217.62662903721255 27.14304853232285
220.57063393689978 29.098036603245777
216.074944874351 23.14178801681448
213.54273073916454 20.948071462958783
218.1279827673526 24.64557669236054
212.7970082206582 16.98564613798184
208.54267668195567 10.795712870992837
215.7281131895636 22.245221084596402
224.88119183089069 34.748407045293334
212.87620931316454 18.70930840132698
209.84689861211763 8.455338755534171
213.15681248188542 18.125915529103054
213.10363551970164 20.41348370077956
212.37283378741202 15.965426488187443
215.88198409919542 18.817894895357966
214.47435744113358 18.47391269896762
213.45477653979654 19.045729365030525
214.26601175724332 14.724219632556988
213.79348927762985 15.502321883121263
216.55750999970283 25.54914486107738
220.34116390760258 27.582222023210214
217.18053367291398 20.87783569177863
216.74000004433438 24.79023264637643
215.69670597983642 19.181402074842783
215.0503108746643 19.749824278335698
215.1390931532605 20.014288890078994
218.2234609714285 26.381635211639505
215.46501760251846 21.27019420968886
212.90307487938182 17.81465335129209
214.92616872585486 20.82816675718824
214.64868419794948 17.459101188995213
218.2995539559787 25.217132121331712
207.65185784228825 9.460051558491077
216.4116770859781 25.29326089992869
217.48412307974107 20.89898945714912
214.23495593294408 20.49241154133205
212.62380034749208 17.050161543751408
212.16145788867098 13.77572088061744
210.40316884019094 12.806733903564048
207.34293969666228 2.867387633907402
213.1061847345008 16.577717431803872
216.13110188096383 24.703487638534877
214.5473434459558 21.379101462734425
213.340202666192 19.060315012489397
214.25524375429922 16.23252759210375
218.23333632676486 23.50526009447876
216.87877714665325 20.916453478250773
214.94353013207683 17.164524307226937
217.69106509180537 25.814826411841576
210.27239536489282 12.434588320656644
218.6928028686782 32.583330677364394
219.83228826717345 35.28996690114134
217.49615011999987 21.819742824052355
216.58203943598213 22.494600247101886
215.31816977263762 20.808693040097126
215.29044690483985 21.229697220509756
212.4720102644895 18.250001289550948
213.12372117891277 14.082652592004688
216.3917955149969 20.86214193940066
216.40907899374682 24.39372344934039
214.36149263454206 19.429273715059587
215.5573192501094 23.056840847130907
217.5508029082118 22.812102846263713
220.83237271764347 30.84797140851724
216.42688100463883 21.13380350621551
210.63802167392595 18.797840073900744
213.6959844587289 16.769326028965445
214.44772680865893 20.32561064007876
212.16864847544818 15.661030606181242
210.43313261499947 9.673326854031895
208.16732661670702 8.696335527197062
220.68495231534143 29.611899721867783
212.63983914004763 15.427463128994624
218.8569303736975 29.015366530674157
213.0697932361655 16.85196224344452
215.14232060955945 20.939278937727806
217.06730056934072 25.68809370031604
220.86191448601497 27.219488283681013
216.83657600701176 22.598009345766013
218.70486505619354 25.477486698534936
221.23008108628258 30.156799860777383
217.30972408213051 19.282610914740573
218.75302315360207 27.44365194079419
215.2587405154817 17.501597368005278
216.2793182977695 22.511786731495214
220.15369689673875 32.5827444859234
214.88670805203733 17.09912890665382
217.9455229500003 20.68477369627296
209.98792671548375 10.418559812205404
219.9235103699535 34.594085063828814
218.35532552762965 23.94734573430771
211.9345722167779 19.576146837444863
217.33269012054356 20.62339712996396
215.26828866589057 22.68559662557351
209.27980558625202 8.717172688341128
216.71375200789234 22.68640658930636
214.5023332431052 20.330927030847228
212.7710886856886 12.873621947437321
212.52835462501588 15.56649117271437
211.72369007020993 13.832225131154122
214.77064525528692 17.05257390145783
214.6004007023851 14.745523464879277
211.96771072036924 18.573388328205468
219.6754408758906 25.955037626576235
216.33612671215232 21.84279541521786
218.44183737580127 24.418359240617526
217.6088505725186 21.575460491001145
217.66720562677298 22.5767657581697
212.3475702228261 16.821691260280573
210.96619075825072 14.549179975710892
218.06798650910196 24.404171187301195
216.13612041856337 23.999906347490615
214.91939168043163 22.645430761273364
212.69948316303464 14.052764601036063
215.08139074860028 20.643750246745395
215.58320301847772 16.758125583608557
212.01898574671307 15.612809425212273
212.6900747365231 15.928573164051926
217.51406999277413 20.32377899827078
215.67593417006924 22.78864548051694
219.0193522784444 31.823616798536804
213.00402247110063 18.051942449139947
212.38349717736128 17.91528495199943
217.86355647054117 24.121560349773663
211.5134773099464 11.742585888014217
213.4176673380055 12.621877640031784
211.11419609842406 14.886464843950382
215.9561152284743 20.454508265118022
216.63954412473953 22.274126992022527
218.57168635924276 29.441449426839455
211.17041975517148 18.43283047582607
218.09553640963813 26.38490426921446
219.89352078019328 29.7555379976253
216.94238560021978 24.811498708270072
215.92630774246405 21.543879366784033
216.67889136297995 23.29578630628653
217.27235939682237 23.25782559181411
210.44439434855397 10.652974280528591
213.30346235795676 19.86765970831931
212.2568793998065 16.73477142670738
217.85766601483323 24.414987670590047
215.6505196098615 18.606024308375222
210.37849460439278 12.440890155496355
216.48266071278914 18.55465359180708
213.02951450220291 14.434953254878412
210.69472703946712 13.237120088381484
214.68620127418748 15.90682096573601
209.59889615024093 11.589069797390431
216.10831892450628 21.40099118904959
215.40213004323573 22.018083386620837
212.70697721732648 16.573289981397618
220.40526473838446 29.976611620236348
215.42728545345474 22.95287299962449
220.46343878957484 28.39368274200556
219.48144250731886 33.51363716729888
217.0624835484297 21.088868321056516
210.10851235093426 13.508252436168526
213.9175746027775 21.987948344492995
210.61090745077385 15.342216819344298
216.48433806228124 20.452825424057902
217.1648686022147 20.663607056634717
217.8324663605102 24.85537357142238
212.45487290616126 15.5166918719561
211.67669971282862 12.181779014222577
223.7489103615253 27.238399758752273
213.28889357402568 16.52709640297512
219.01808647817128 27.955265204560718
216.96781705952247 22.423932361592662
215.89566255956302 17.14938523508591
215.13785114865266 19.13577050369757
213.79741556522043 18.201950502916233
216.6685931249225 20.641049008081655
212.14795227238818 16.183708328137893
218.05958827540724 26.44305476614724
211.7060356429664 13.739456965754735
209.27860037788818 10.872843517118671
211.96665258472657 20.739155583594552
216.35086807467428 23.684116108890255
215.35507133896618 16.44813352818322
216.4243539503054 19.237404096014508
214.17276864069453 15.990225711924818
217.76090089973897 22.06744925002939
218.53495092805036 25.92034164354976
217.13389549638006 25.78141147186458
218.56768037178063 28.620064229092634
213.94089289448098 18.27882358821737
220.3291536369923 26.937183560468736
215.10765624068975 17.787639422660686
212.09623477459806 16.173427118059543
219.50941199498553 31.527141953055757
210.45243405291404 13.926056296994815
212.06453884084914 15.9739187928229
211.98479053243673 18.971572426968216
211.67748086588648 13.71445107733905
212.70852371140174 15.161218862866253
212.6496714760344 15.80458623759396
211.3293414704094 16.8529275655581
218.79792211705507 25.841903456908625
214.87058222831763 20.539220907179832
216.03036371600209 20.936396060432184
217.20246715769454 23.238435534925905
217.14806093363126 25.52064260028335
213.3528743378188 14.14314337245672
218.96265553960538 25.87381980524538
218.68907997807577 25.606394311907835
219.16822014120459 31.37588666255226
216.2565147683983 23.1254613922563
211.94451676548766 11.785901527218384
211.8345156843302 10.779510064130747
215.51630280144695 21.91761888751652
212.03709819166122 14.219115259136355
214.04308528145222 21.780339808244452
212.37646631623002 22.26738749724606
215.2561015879468 23.260335894475414
212.5516971777985 16.59164347716249
217.33578957812512 21.323098822834123
218.28084028475718 25.881379390106446
220.42209609638172 30.71881536008386
214.74711262502817 17.458669730120906
217.86120663621782 25.041395465789307
214.08543900052746 18.436431691608348
215.06369037467306 19.11886953351306
212.83839084450213 18.507771281165216
220.9862480965662 25.543625964089017
208.1454960420276 10.231995420195858
214.3913839197896 17.358679060762746
213.0348062746965 15.937120808146028
217.41466125535268 25.46368566971424
216.5214109291285 22.86708532195793
215.6165722320056 21.765717403956955
213.42524325699998 13.871691283553982
217.83875954239963 27.02758349409771
218.50468331161812 23.962523327121698
216.68432914920297 19.765797422400688
216.36984224669266 22.8488049315149
220.15562327597513 27.031201968799834
214.46410005193974 23.00585928871942
214.2518001740234 24.720172826609044
215.20724788368446 20.317979735015957
215.75899925578162 17.80283116722403
216.6917230199401 21.451554980973174
213.91975639692453 18.561344264360255
221.830729330637 31.27790998011797
216.4356166155117 23.00019555811297
218.86798503043204 27.13343253556321
214.72710206305143 19.582188442837886
216.4777172582119 20.397407349310168
213.04388516435682 14.429933060307333
205.0349372185558 2.0018014353205267
215.00419481769293 22.851724254083962
213.0543607280939 18.13240499493496
221.3152068076994 35.8842282318441
215.8543620184331 19.263944569071096
218.73563142656658 29.203438033936365
214.62880877368866 21.361618234651818
213.5109388916023 17.236624926024582
213.33736221812012 18.79189891456077
210.67997119656494 11.633938105958979
210.90373517884615 13.220227605439034
212.62975999971127 17.269271669573275
216.9356547548192 25.873315175193945
214.8998793059302 20.57121747703576
209.46989510583046 12.225457845141191
219.84574076665427 25.380851609361592
211.31826257464292 17.79953757291375
213.85057919844456 17.302371663621727
220.64161787476675 32.350531388179796
215.8150195059425 19.911073608762557
212.4169131964742 14.828081347835708
211.94149674897395 14.515708649308248
216.43235903019496 25.47390591672777
211.42381240583413 18.2087963904408
211.93565250766224 17.00555030613636
216.53913255527965 21.9358089452238
209.54368052682602 14.434757550197634
217.31777287032853 24.66857174107539
217.57808645098595 23.068203093356196
221.2443216557358 31.64066235264779
213.85401710993364 17.799557297545743
210.61365179806498 14.704292805339037
211.14724495030134 14.390608867671192
212.6207559844186 16.32622839799613
213.52798599272143 15.247849981582675
218.95407840948562 28.44374887916632
215.01074247681143 20.84093138851636
219.06326725180583 23.435148232799918
216.04063418238664 18.21310473153108
215.48808863305797 23.933742543513485
214.03837441225357 19.760146217619106
208.53764184783233 6.7452247975167445
211.5248923672478 13.89262166200562
215.8842786505089 22.034130293004402
214.88969389087325 17.76821084353277
214.6303992005251 21.240557825509004
217.9218004687962 26.19395327895761
213.8688177248535 16.763874358393956
214.42160509562518 20.616254533801737
215.1862143751214 19.079818650058268
215.22118076479504 20.345920635154528
216.38185090337112 20.555612233904746
216.4262032769081 22.545008900879726
214.65094283202916 17.617912332355367
211.50200430091442 11.50368119350372
211.77576240547532 17.63576075103766
215.69728421080595 15.608005593753266
216.26571983899294 25.365736349033618
216.67293692483375 20.857404922348323
213.0251185429764 17.526451558770297
216.18719979200083 19.853008063067193
215.6526762648989 15.167474614164682
212.5429988815009 14.406539472859095
212.90636372182138 16.957164380524386
217.9288742583169 25.56032195920132
212.15970865284254 18.201919971351302
216.0817941417825 23.307157460508392
213.98043583407605 18.856578259948414
213.85145423778116 17.66675454362502
210.2271299979104 15.192258149485198
211.82599099884445 10.212810432770421
215.53958432515404 19.576057716831713
212.52270783206055 17.207812477905037
215.35200969752776 18.871047077896403
215.22999550923 17.917576723508553
214.81750428345103 19.627749437898785
216.77675622001658 24.6730458171577
218.078434111427 21.8623164137306
213.27723896422097 19.386947070109823
213.67835517041118 18.0791890340712
224.08750832056447 36.97147522941945
219.97086022085188 28.550891255136683
216.1751772849785 26.32919927931453
212.04549772820974 18.23307563052208
216.46982790260031 22.582440905359686
214.05890959908965 16.393417714712232
214.230285182893 20.84184060096306
208.9570098428957 9.794647684459205
209.45570474043606 10.383878458703327
212.85580210087628 13.160752759580703
218.31135663652867 25.84128259244398
213.6104718848104 15.618480913128135
215.8754916355551 21.14962648076678
214.88242234571197 23.019223335751818
211.64754789196542 15.009643197730359
211.75201774399255 12.189643453688923
217.3406688665691 25.261671311377363
214.89308646845254 22.256506686785354
213.08911992535135 17.6572534187328
211.31440947509768 10.648626724374246
217.4545612230855 25.117127858584208
213.99908274460336 22.290382626121023
213.3766491495127 14.506632835910667
211.91958291500765 15.281614461152971
211.7751194047583 14.351120765106607
214.2691750133377 14.02935013643115
213.11993250748262 20.16830415500535
216.56215989553323 21.62824720842794
210.38324554716814 13.997876966512836
215.7800452874248 21.139093861382086
214.7305227595034 17.294088678849477
217.22285044302168 25.71122436090077
212.57718853250952 14.37335708129298
214.91795149778721 17.10599740957278
215.26041915014844 19.341069932240934
214.4757889090418 22.66397981325946
218.71916539401565 27.381874486724854
214.87549942055117 21.658242475407167
213.17365071471596 18.89718982372811
214.66655494402454 19.589599134256442
214.95468862233082 26.096611403495896
211.23688447811816 11.912583985262915
222.0430377979334 35.277811440277
213.65403543461434 18.125091864352143
212.34929095548054 17.47859570380666
214.45154433296975 19.25167557286301
215.28317004780024 21.337299696638286
215.4151961474448 18.593780505194257
216.06384084212308 23.37049703596332
214.42278161830097 19.368291583738085
214.66818106275082 17.670935197238222
211.24816044990285 13.063054874493645
221.32921251955557 32.93280720885212
213.8093852019344 18.325883349412976
212.88338722024747 22.33885600706593
213.23257576466352 17.53907898531635
218.33547985224467 29.084500799904013
218.06878239575065 24.699998466581185
215.00737355640112 16.268933714412736
211.7630093887387 17.301567780514585
220.14581660969162 27.459293150632245
210.3466265267903 11.591203010940898
211.85307597393404 17.8793498814261
219.2354350563505 31.657429856445567
215.458152201718 22.466664789881
215.13270896778988 21.74219093834082
214.58526731509022 15.659007195115398
217.02411874597672 18.926197811511454
216.23358468604602 24.01413136178
213.53841182413004 18.225723504444375
211.01958567539126 13.976435905151565
211.48488138138362 12.723381051379238
207.3017538137878 6.142573523062206
215.72236098747643 21.253112044155884
221.7621952843071 32.04128637793941
213.76268801863736 17.461532277066794
217.72212173189317 29.626783636327655
214.58153593404455 16.308987513696184
209.57977539597272 11.783651291124515
217.6130801408051 26.090351153173195
219.93758544673844 31.52578779359778
214.31718898337598 14.588034248791109
215.9332570809678 17.77735319630222
214.04532310284566 17.808309353708182
215.67773604113617 21.0570748318682
215.56889699884323 21.695228828482033
217.13203094999184 23.75328770058239
213.40991666067768 20.900785043290465
214.78058968771285 21.9937786117201
221.26480680382716 31.363281786550026
213.09974785618033 10.258836573626217
209.69566698460827 11.949292335157244
212.86885054461774 13.056560200690875
221.4903178991405 30.827411416277563
213.40732697595314 16.617483826682456
214.24967858507776 18.56015775756644
209.99140255984335 11.314059777161399
215.5698238943077 21.31076924332735
212.37849762936744 19.594295991414985
211.33489878111843 12.342531457312298
213.60666636217402 16.922905993637485
215.1521183147506 21.42701426480182
214.88903029660753 19.58386358769281
212.11463708373162 13.576617220349888
217.45567041188193 19.895141457153812
217.19331598448736 28.04059577115757
213.7807095519095 18.335227367586434
219.6619116395115 30.25833539015477
218.1824083867578 23.56461263162189
217.84675172609388 23.10869901563956
213.49134772971107 17.745655192196764
215.3893855334345 19.8556002779765
221.83106264000247 32.8947016488183
217.94865210617488 21.36416504578963
218.13988203836 23.450491506330977
222.92326300916267 33.7906325677105
213.9651136712188 18.791158886309645
215.06698627335584 21.01156006418803
213.6702294185582 17.912631753760092
219.83124663551942 30.264841922067937
208.7666271081691 7.716586139511616
213.72376818013305 18.810171495164337
214.69703433654186 19.135669064377836
216.6383498790673 21.200341037294894
217.45868724553114 25.414954999795185
213.30053621226128 17.525301739897618
219.02530277747425 26.72837694104565
217.29269509640724 25.911806209807775
217.21219752869396 24.875433868861467
215.7101187361919 22.84446742708966
214.93143846888944 15.472714196314124
216.55241473332407 21.91715461967063
216.1027829219637 22.129197024148734
211.88224229025795 13.8861761292243
216.52833003550504 25.132172730585964
216.71991516917868 23.645415060679323
211.16491166434696 16.134099630116754
216.9479018999623 26.471165398884935
221.30662077354918 29.252822464370986
217.0928291015292 19.399050348764927
220.3595130437918 27.45729412232493
216.54592059965037 24.326845991178644
216.78552882453263 26.215125296258282
218.94797189820892 27.465699926535315
218.44136613892348 27.654421105529693
215.72396472133656 19.89927571221986
215.0542735727461 19.470626053923077
213.53577864784936 17.34124197351806
212.95253159233542 18.69168879428651
219.16720125234076 23.521246739710648
214.2889285511878 20.64061949004731
210.9565184957891 12.58993211706386
215.3000367221337 24.569399351764428
211.67101900673993 16.427950427589124
217.18989494455096 22.864995273348036
214.39324527923299 19.22187471422122
216.80163262092393 20.787851082244067
208.15539129866923 8.05590941089974
215.42055347233554 16.009774266913503
211.2471942907448 14.546909406394303
215.5845521738843 22.91683890792328
216.91457256159222 25.621959969910517
213.64903827996494 19.050030167908805
212.66583274357117 15.250057244844296
217.04437451656813 21.94606798789052
214.38065849385524 18.281846446077967
212.67650157622046 14.099008676240892
216.28798244601572 20.312010585421454
217.18552209389514 16.934968761994284
213.11895950385653 13.465773891839374
211.45426493901925 12.960491576261099
211.33354172481882 12.868213991672212
216.7460372416116 25.131659118092543
211.8809264062485 18.08104676800783
213.651509179161 19.42304960030231
212.19947400164816 16.58994989788704
210.54051291062558 9.35635526527816
220.40895018044648 26.345181983417355
214.87703390402518 21.851108165031988
218.47276990207257 25.60790294691871
210.16461786752322 12.117677470700968
216.6110616286893 26.363633620947915
212.54282598207874 10.975194768617449
216.5427528706376 21.858791523333963
214.94467399579187 20.24821562608423
212.7516446509681 14.59267022661533
213.7673127025002 18.517583330624152
212.41179199748882 15.801912375910035
215.0894978708055 19.80577833292628
218.06356454994332 27.054443286484066
215.98479824878015 21.889332765225962
216.88303768979046 27.025029846556926
211.64705680201936 10.538430970097828
214.41167027623254 14.279916083767137
213.72501904980777 17.908834258692963
211.67641723762029 18.504260858584836
218.8814904153619 25.921242947242852
213.57032598972512 20.692860521018655
214.19475010126686 16.001127682407976
213.09067479391544 16.49254016499546
217.46304734863318 24.804195223154306
213.42426959295156 18.00924077266785
213.6339797718991 16.672002367042815
211.93497885912817 19.41621345085617
213.76658292971436 13.262241781207193
214.58479267768965 23.223695121356435
212.7161356973976 16.883845251747776
218.99377637775086 24.948087190591096
219.64038351907547 27.533543605622803
220.0390668225002 26.383981007846852
213.27827314323113 17.456121476933895
215.18966002567927 19.059867378328203
213.533823683394 15.136161560325686
212.96305759691623 17.404049278006823
211.75982354833698 17.19020959657751
213.0914520456878 14.141118937508926
210.4642564894235 12.738857101789916
215.3753317782216 18.708618224704278
213.65959205473797 18.653242032091406
214.2072512508501 18.450689009781716
211.54264936213454 14.980783306035239
214.35237131845113 18.152649171254737
212.79460233796374 16.016354141953485
214.56778189781124 19.52768217079408
214.91298526201862 20.0056669655867
218.87941204534525 20.528577193599325
216.14363934458632 25.524498438277526
216.49314000448302 25.010618625917147
216.46636837461205 19.38059458081608
210.50201184798433 10.661857514250748
222.42569280187348 33.92467730531178
218.16026774797456 27.771368973206073
218.67792028728715 26.384994365573025
217.57015895812393 23.28562457708946
213.40675989482753 17.665793199675598
215.73427421708368 19.266401865312833
217.005033704708 21.791132964143774
215.33642458666972 20.165424393091897
214.14753352697178 15.041040998802497
213.59697927730784 17.265623313987877
211.3555055037879 16.998262061459123
209.00431968016525 11.762679025652448
211.86860744458434 15.459702101690002
213.45189979531327 17.43360618613579
213.30791326783068 18.930352355378343
221.4999965810129 32.03085297706255
216.00891404333734 23.890370139022107
219.11722807876393 23.195782946574823
216.9789560828871 23.273166152656525
219.8573693021554 25.865207723795894
213.8403483572225 24.6745643812455
206.22592832229796 5.660665661721257
212.0879204522959 12.515522233619688
212.9241209726826 16.68631121269759
215.7498550210718 18.498873059814894
216.10918063704582 21.744991013773184
212.47764246261633 14.98070390204435
217.71499317738673 21.80269903931805
213.90833225599957 18.361171612515577
216.12816431001463 25.056684034703185
213.48142601968334 14.715824109979664
220.4579166940267 32.62684130838967
214.82624134329023 13.540478558543242
209.94110339638016 7.714299652723312
210.5868449716834 12.822128394074303
211.52696597508154 16.535255886839607
216.9157240055464 23.162988000708268
209.68861047181872 7.718668247083006
214.0520778887931 18.763219124302136
219.3490973233916 27.254320242886575
216.2317360969856 22.019978674417512
217.62714167229296 25.094028069459128
219.84872788048904 28.502903403166908
212.24699831262436 12.359829481945898
209.39732956458664 8.243946382354691
214.1184644876631 17.110686351729615
219.7281048425526 23.967455604377953
211.9665329666056 14.816863818126635
218.14708974247787 24.926245010643935
212.73359002651966 15.34631923052725
214.27989003829032 19.261966711177944
216.40592752586812 19.510256335572727
209.49143443950345 13.183703954299789
213.34859793877243 20.061604975092465
219.36864484261855 27.33713335894646
214.06358884389422 26.55701019258055
214.52899532106574 15.926172027620332
208.8534122960143 9.042998990288574
208.19163699580585 13.525678686813166
218.47677172416775 25.74294328328173
215.05716943708111 16.873889614842145
212.2250537787728 14.909488014118159
211.41976099738463 11.311856309596982
209.33051502388767 11.051874244966795
213.70601571754182 18.75293268556554
212.50442862977636 15.822937607668878
214.31888391121805 22.304579204219735
215.301728522079 17.89268106620178
209.007190683837 16.171967715763177
221.65312887596232 28.170725184079714
215.37149433146487 21.324678214318865
211.92984749454266 13.599357589446086
216.55863032257804 23.837534654717324
208.21990918631553 10.352726959516255
211.01474346953276 13.110580149556373
217.71340399261157 20.728346553165007
217.68179914474612 23.343072485775945
214.52093783682525 22.980284481341695
216.6908666487873 20.508282484564972
216.09796780283943 20.946219043600255
214.51896689700538 19.12407601814611
216.3117106367654 22.457977847175062
220.24553850549444 31.770222868485053
220.3538307424356 30.114645392798387
213.16928389281856 18.643137247557405
213.16182552754293 15.523643702844712
213.7962122502728 18.754172162363826
214.77484600841086 17.00745256480991
216.0012653984772 24.313359479787685
209.22942170820738 14.795525066524323
220.45749732849308 35.749831182415086
214.64864608490976 19.106319823639904
213.68375050639554 17.391839788637803
212.32820480737612 10.796898987822921
210.53130290386804 14.348817181031688
213.0707643525657 18.63046046592532
215.33593927613543 23.531899478886697
215.53970895441833 19.85293705973652
213.52903963591402 20.391481565374885
218.49203419891296 29.11015681851847
218.00747689546586 24.12121077996538
215.70001077382537 22.079636103571524
216.5898440267479 20.49569731677719
210.84764961884323 10.853062983575105
217.16680321788223 20.84368426762393
213.32699361938018 17.979156853074155
212.37601086939995 14.456571738396338
219.68798085364068 27.8637302964912
212.21277113093285 19.50891479491295
221.18992661518885 32.1201857030937
213.71621823980018 16.06887925638221
218.46269698828254 27.970772929798514
211.51773800064356 17.29472985476609
214.98365094713716 19.611888719776758
209.83326580013437 16.345868024058156
216.70584326339872 18.325960646604795
216.41521246629594 23.830258621736544
211.51887135485094 15.284449741419412
212.3135382590978 13.464479503820895
219.5305081557773 28.922409649125754
220.09914826462764 27.83086999148529
217.82752101580977 30.52658630693631
217.35627874252359 26.964609895932455
211.28421146117083 12.878786717365525
