230.46049186699943 24.981297080540266
256.2541307602775 27.787880844112536
239.43558423466268 27.242508399141947
229.00325398355923 24.97016539432434
246.15213675340576 26.14858864795421
232.294184735704 26.36994571299966
253.83893087102302 26.98266163615384
236.30915619620433 25.93987889995163
252.0005362269621 27.22504480228728
249.5389621093054 25.767184610538152
263.296550343353 26.58548069647784
239.2203839714893 24.86688736727618
239.13656019362423 25.85547337559083
251.40157033325553 27.21751472732257
253.25600824849514 26.15986944092563
258.26876783337303 27.408798751483022
258.1798894189774 27.777170696000788
258.05379391018437 27.065995048954374
263.4257474868583 27.36227288026493
230.14074739587522 23.814092028453643
252.23265637852276 27.255022531126485
259.09788591711543 25.731588839450637
249.34057216300056 26.773240656467557
247.8730871283033 24.33626747991732
248.60632505341923 25.6508271522827
246.3705226541291 26.255491409638257
263.6826452694614 27.87673450154113
252.55249144786373 26.046621476767253
240.00512888353558 24.580449609512794
246.64215188182183 25.241536757003864
259.1504292940256 26.105777260220083
243.8216922392027 25.97094652758566
244.13200443875638 25.813128669686236
236.53942865153658 23.760874508092897
223.66458784861305 25.00311213792679
267.2896012010065 28.34533316819629
248.14802233595825 25.390307550926693
246.0545322283083 27.628643870209554
253.7390329852639 25.955166402645837
247.29843272854978 25.406519999949126
252.65220253030702 26.71738753653709
247.79333467988124 25.748588584167557
247.62974801715495 25.977727268013027
258.0772637389054 26.740397472906505
248.6263854424848 25.222383610411597
235.62775036075175 24.79650767256797
254.4534408555897 27.254228273430208
244.92421543321083 25.758980659532476
254.12956152157642 26.65068494284847
257.49436703658955 26.416529196739116
255.46105999082218 25.783578613744623
245.20455976843053 25.35162436351095
263.15189221673273 27.39121739203027
241.0390292695901 26.260685785109747
253.19710152700293 26.572455871263493
266.50167200747876 27.58293435191744
239.77916132492186 26.063407351772042
245.69105144472564 26.998209818113786
250.3381486879103 27.68899211958933
236.57520655499746 24.697419515716252
250.23485912206587 26.9731767314566
234.86887804038867 23.22846808470541
272.391851366554 27.361707578977164
230.49500243525202 24.186711680286525
264.45833661905175 26.930806221356594
252.12383302714085 27.006496057876678
264.80338056250497 27.225931652010523
240.43782297275965 25.926950734943798
243.66384618672532 26.66700615868749
240.38150818340173 25.358774767589573
252.23084376259845 26.594696750163486
239.63219211505827 24.697255461384763
243.65730476787596 25.589454055044552
249.11446012118932 25.69749575808312
247.26342985245017 25.469984741593997
253.5311680175778 28.676491440434013
237.705166163432 23.309779113465137
244.6959169823762 25.886668007431844
251.62800443094798 26.5526963984367
249.70346480049687 27.214703979303874
256.12713689856577 27.7121777697321
246.9913063950592 26.267001748353973
244.04394610407488 25.888141953153294
238.18090484795746 25.012127660366843
223.56405916646796 25.413578808260418
257.8332396195332 26.277405987467965
219.64131633207492 23.661549754707806
249.45830863007916 26.439303346115892
234.00041502851076 25.040760064962694
241.8143590843887 25.80091668469058
265.2948689156979 27.471103436899767
244.06290767078167 24.656833828022883
251.27712188806817 26.938374987473182
243.26581079489904 25.46618428756106
246.62638049095827 26.045007871805968
236.10508845743595 24.686430922459287
227.2313501607868 23.231245733395326
241.9644712628125 26.913433668209688
242.80514464693147 25.272157823517492
240.35035421073144 24.517620289446477
254.8747891046752 26.06502178319044
256.90019312817066 25.305029239347526
265.845576335752 29.26514906250992
269.7386856232369 28.899352363517302
263.58186501474137 25.930687252036005
253.8130515388228 27.78549350070457
236.58188149997017 25.534219820516636
264.91032691596456 26.962703044355262
242.48584332204194 25.960626779324325
233.11996019905132 24.608391825129846
230.63627848517473 24.06158636089123
231.3032737253415 24.454554191464005
264.827912059552 25.63318048579455
256.5336225985369 27.079808690782546
258.38871948874163 27.257623821349565
247.10379078647213 25.858826750931946
242.20788740054925 24.063741466755232
251.34924074705017 27.462387175264947
264.13552336411374 28.185000982266562
270.1543568865144 27.49721545532927
255.95414903717193 27.119666068520644
249.91362491580878 27.465084977312408
260.3882706409183 26.70753490635031
242.54307705649893 25.972895623208274
228.17206729962513 25.34961580552288
254.12173086877533 26.880482140624096
283.6676261042834 27.83009131767108
245.5225292286423 26.757536556094394
225.43217863127856 23.503844288238
244.79839049258675 26.322036161584453
248.60620266950724 27.45087587350017
240.4306462596182 25.717035582401333
248.48533304450316 25.14819356697376
246.60359305469024 25.760977367698487
246.6248120186786 26.599405986784816
240.0886881303895 24.073979743509543
240.96363397963114 24.709149924618096
260.4593833686872 28.009930881340175
267.38638185062706 26.895535319504617
253.15941796087554 25.420424555294918
259.3485731745176 27.544307826614492
248.92688604183869 25.425319360264726
249.28750137967324 26.055826980188478
249.81551128950034 26.133856167559593
263.4036766739679 27.489136034653985
252.23446266254706 26.557301394721335
244.0389272690488 26.3126992275902
250.99085166803425 26.642720170513357
245.05377052439977 25.176877215894045
261.5106184106982 26.887393180698282
225.09623164431838 25.200100674614173
259.8930809627599 27.967562139565448
253.47584199325863 25.262773332961576
249.78551752677083 26.863438900970788
242.49167280797866 26.09964864550629
236.5431801116607 24.781469772162925
233.28335092908884 25.2877046169324
213.69488280134206 22.202316838524396
242.14120683768192 25.6059315538613
258.6392105680937 27.839203278132196
251.56942867418664 27.116915809468686
246.54344724515002 26.66975022012071
242.62183603055058 24.804850795070266
258.56305236766696 26.101241842043475
252.9454677177207 25.605789832971112
244.82976608903277 24.87231363537683
261.9556438369855 27.511015664977872
232.53495067419934 25.181133989375464
274.2941858542411 30.210334706733473
279.9115401896321 30.881306087031877
255.03941504083954 25.69865491447347
255.33190560678074 26.52830488807243
251.3205375794087 26.416670515306322
252.00474030281586 26.634336997784885
244.37430683184482 26.760218728551134
237.95058157288034 24.39706673612319
252.40353763659468 25.848880373350557
258.3739991669427 27.536665160100334
248.11001774514924 26.28252966752096
255.33222592078656 27.364971977883986
256.76314160125236 26.14538923313294
273.3469158861703 28.19358028014916
252.8940236628797 25.96005104012969
243.6019388803608 28.037311268676266
243.0097142232308 25.371992575849088
249.70104931897464 26.665656084506878
239.72858567865677 25.683607203889142
228.0279315710712 23.765171989868254
224.28525834200997 24.548104914259227
271.1264846343665 27.680994009993533
239.77052949312545 25.310885990086437
268.4301484451438 28.404783476111046
242.5699469566724 25.75785480613963
251.37808986370712 26.576638202703162
261.16511103458316 27.794910161840885
267.25637554892245 26.433338862781877
255.74165379665186 26.437302407780393
262.3244222123483 26.7884762826247
272.549353323589 27.641546216012
250.58923883750435 24.582318276430872
265.68404195217005 27.70682825323283
245.6895977583274 24.860074812866998
255.08092871719379 26.703903131773576
275.6442222567162 29.40250029427457
244.6669564884003 24.872293579282022
253.54135961041567 24.90476503960665
228.8727198246549 24.369444571252682
278.82259937725 30.496427587283556
259.4212525058028 26.246282631773763
246.1132561281488 27.6946719468644
252.8711311069179 25.214028003792656
254.43899033322944 27.346315889858673
225.34920406881344 23.94316373233346
255.77711055238626 26.547682264799445
249.760512757637 26.638025900447488
235.58596455859777 24.010913949724188
239.90183977331168 25.43933164196703
236.23360531068664 25.05061588386748
244.48112762140153 24.914075611197223
240.43384838690528 23.899375283931363
244.4531858205477 27.19441068576919
264.02718622546985 26.481480775054273
254.00550154311884 26.350971869485086
260.29541771076345 26.424837814300595
254.7317636210381 25.51895009727283
256.47399628092467 25.96793711652637
241.85100121457927 26.142536329694043
236.74190800921883 25.813927001731557
259.9257610101025 26.624675991813557
257.4575675072997 27.498275876405167
254.0486105185652 27.51987468415713
237.50785605899193 24.617212251099478
250.82346160478534 26.468282831904347
244.7361162956602 24.32339318996636
239.50887454386088 25.74316180609936
240.66189138977848 25.523958859786916
252.53369415932926 24.96976325663767
254.98972521797475 27.170504747931933
273.3152491128882 29.664693254354667
244.53236787933753 26.370942657016535
243.72809685438042 26.648276551269884
259.260205120463 26.60185315984732
232.51593327404646 24.162500728028604
235.7594586519841 23.53250570586351
237.4474667246241 25.89421754446399
251.31332640966173 25.893799879305565
255.01335318981427 26.39055422489631
268.884760429116 28.767243359309244
243.47886686257988 27.567582491190116
263.2908847634937 27.561421310951047
270.6367577354911 28.18751638248056
259.57159392019753 27.442654018332853
253.12251172691313 26.433847321113966
256.7723258094703 26.859830885201355
257.2571567170066 26.513529184762238
229.69009611270053 24.22978211425991
247.87070613160444 27.078083250165527
241.62057842837984 26.150893217599663
259.74949536181384 26.74613549596086
247.91404857931795 25.174313812437013
232.6436958284702 25.125513245239965
248.59699255883947 24.689633388099928
238.45746189315676 24.61846403301785
234.2786412639442 25.333388134032994
242.4712198648433 24.41008599213494
230.48650358188524 25.147060008950735
253.04991558486026 26.26456070706823
253.43729484926882 26.951512752640344
241.7645574971045 25.82447748847447
271.4827596489784 28.010886451035187
255.03667495405693 27.38688329771065
268.867636776913 27.217946199109143
276.59207208841735 30.221511942359868
253.40606086103023 25.5871061841401
234.19366085630588 25.78774662458349
252.01357852189375 27.75766156280111
237.75045654206517 26.391467561108616
251.79898587673986 25.601000175354997
252.78372749158478 25.326121927241367
260.4687103866244 26.971722384852185
239.74991949963427 25.456016450847407
233.40738862656204 24.28335844569956
269.9581354851118 24.84655509895434
242.2248243447806 25.480604465729527
266.7917841877217 27.80619673091312
255.56951941584774 26.281090618563745
245.68476614822177 24.338717983853556
248.33312311405618 25.712311693630816
245.51901577184154 26.004467445051453
252.28674099165636 25.58961119050703
240.59071486812923 25.946255538945067
263.3556857249996 27.609240840486297
236.06086541072116 25.01578892026981
228.98269180181305 24.979882380707867
248.1038328023829 28.235900551397826
257.1237216248047 27.227793500625047
244.0024747633594 24.300512262143823
249.6942329635219 25.050005809015886
242.13702676155012 24.733986923959023
255.70190401193761 25.671358000598733
262.9139692563863 27.095245071503435
261.38403744448925 27.80294795690741
267.49614644190393 28.374685951188194
245.78131568027072 25.962102604045374
266.28769771045614 26.592157787642066
246.03216171060203 25.08106787049446
240.52555208748322 25.969902599783293
273.26857695101234 29.251307248262666
235.21616197578035 25.798437375135318
240.15985579347128 25.8915363425007
245.14034560115977 27.376343429470946
235.99229658229999 25.019555164089134
239.38514323027883 25.1449569796419
240.41547664788712 25.48670271832954
240.96201671831957 26.720405299928778
263.02491128159204 26.912181175591524
250.4522640162179 26.534574922921824
252.19448530692733 26.084360369735514
257.1598279477249 26.542845006848708
260.95746413508084 27.66978759007737
238.26449226022288 24.29946841174309
263.2310686740333 26.83645941590524
262.527170965398 26.859157168176434
272.6980187357302 29.367215314881577
256.0945358685966 27.011451046270498
232.9875886075862 23.94504907315638
231.18901839719615 23.522166420132326
253.37349130160655 26.840115396330468
237.1757651008589 25.063316253651298
251.77960833625934 27.58850156838915
251.05952489328482 28.743858319131945
255.39676788344303 27.62928222645955
241.65190078020441 25.91913415986141
254.05374037708538 25.54860334040122
262.6132765664906 27.216986368530023
272.74972932311755 28.35829828469844
245.14406898954155 25.122260605124495
260.8089343020315 27.04524065976977
246.18072851805425 25.957949601520767
248.2360435963906 25.745183373302616
245.14775017519662 26.681579638617002
264.5457447097317 25.559161535752907
226.85429280430273 25.29823694089346
244.6465027050792 25.270843006908272
240.99510863586644 25.337506380705857
261.1079811629213 27.495041843686828
255.9038710293338 26.740841826792067
253.21010392505232 26.71168202002689
237.87373252641063 24.12899979922598
264.13701857570527 28.012245047375302
259.58496797446423 26.171015280715224
250.825562020765 25.160251686050625
255.73287941681687 26.815840059962046
266.28573922335204 26.733268724579883
254.2352660687447 27.94477883244359
256.9293775824415 28.88606244943958
250.390582984583 26.24214064802026
246.66013353273303 24.72832003562149
253.67469755104187 25.966368546860757
246.23811716912405 26.109570723010705
274.9950938325524 27.848344795324802
256.0489616198656 26.852242254817522
265.2673076567794 27.494182876747384
248.70595508577833 26.15392161338893
251.69942449646462 25.578025143192818
238.46228740570527 24.6081074298053
210.1010229054637 23.062118342240254
254.47486022673138 27.57214542129099
244.71458547932065 26.381788368224473
282.2848966189447 30.347190907726183
249.21185731827111 25.377841630765232
268.635072893087 28.562225476799874
251.61528938113375 27.063480683794452
243.62648192168123 25.698873901519683
246.08825328501266 26.542314974472905
231.56192526583845 24.57102806307442
234.44344872180676 25.20973384331644
242.866618286162 26.201662360928914
261.3556614360059 27.956701929001525
250.5333060661536 26.533758191973995
231.4401962601549 25.524228206391008
263.21656313679847 26.111378774903713
242.54781754548432 27.18148652126752
244.05143225252752 25.54272661915835
275.7039217226011 29.021181839530804
250.26657560721964 25.710610709946856
238.5537721452715 25.14604176295427
237.5874294382757 25.258710676694385
260.2167868205878 28.042950677457114
243.33546649360468 27.319837527396743
241.78006094334972 26.45860192951289
254.35006685979224 26.28345824471577
235.23345661222 26.545268510454086
259.6777652541711 27.166454370073875
257.22017503572846 26.25339362078816
275.0644123190001 28.34684412271093
244.89289917412333 25.779782168245454
236.67741279800862 26.08335330110013
236.6419844010327 25.637631906673512
241.26825867112387 25.75339680122796
240.28904206171225 24.733611204352364
267.5562054565156 28.076352742909624
251.09058689685256 26.602104412209304
259.2123535909008 25.608775843048498
247.61233569682778 24.769822466260532
256.74671565462535 27.824695283090808
248.36907295817065 26.62016589614662
221.33802275606757 23.405664806729014
236.1515910703275 25.189534844593297
253.910238704424 26.69270317068504
245.7978337692922 25.192215341275652
251.41264441275035 27.00441781561252
262.8082590744776 27.565684699678723
243.16035736635325 25.273833674567886
250.166936792048 26.81978408770621
248.2835106012438 25.65868605788353
250.450578206203 26.24786770968745
251.87751175446428 25.70705411109814
255.27278169167158 26.638675230730627
245.32362528997086 25.25195605243319
232.10251414120552 24.054021074997895
242.69477178993134 26.849875911444144
242.9024401159758 23.707563988060784
259.8802990608685 28.083077300306652
252.6555483595326 25.691194395022936
243.66586529947725 26.106721225496795
250.51286306289953 25.476969674669853
242.11842288981376 23.520495601693145
237.95962809113232 24.873743878806927
242.59618616283018 25.898757291447225
261.7464569326981 27.257240354151165
244.00442419338435 26.909744037053862
256.23930691312364 27.19535932757597
246.79201696207988 26.21792288735752
244.6666149004748 25.717371587135684
237.1427016447357 26.531539263957463
230.22564210628724 23.25451311547325
249.44699629352294 25.701851315411854
242.66399295182208 26.23130029121239
248.08483442256932 25.466698551949957
246.36438303098774 25.075891295639597
248.86637726184028 26.12584649086466
259.18498035867947 27.46766775259528
255.64968913786296 25.39724169664546
247.03594190300674 26.861540259669262
245.20192565441934 26.011280352945573
286.68187170695995 29.337268273935322
268.67716735764793 27.565790783907854
261.42102757546684 28.596184229416117
243.95133319832698 26.98785147182966
255.376238258648 26.632550884171902
242.71153884434537 24.990706903036063
250.37035834556534 27.033962406213888
226.86737824509757 24.63945168575437
228.3220495638693 24.646977662993063
236.1484283109333 24.102086087818545
262.57389205010804 27.180846336527285
240.99023248995599 24.866146264045366
252.41078113496968 26.27245272741919
254.6446603110085 27.7199617177008
238.14839357641048 25.65859309056955
233.4903021846694 24.245503945750688
260.698944061849 27.438851768933933
253.36853215933596 27.347492081733428
243.94559384689535 26.134208176459126
230.48734985942474 23.746765834224696
260.5605611957427 27.306424310615842
252.59888071199765 27.857960621537412
238.8993461014495 24.461025457262913
238.8585310719336 25.638931692020527
237.1560588535248 25.271576943675083
238.92001797521607 23.738264942185616
248.20788522842878 27.32402972643714
253.852793139805 26.122909742199553
235.27327127702742 25.87120162969949
252.30475432141253 26.320151380876865
244.8512323566948 25.052330666678273
261.3479622987585 27.720042329807164
237.93529875849902 24.838896503617292
244.70743095845046 24.858323954727904
248.79262145168602 25.74322901307396
253.66964464084816 27.774004319382318
265.54856969223766 27.695852832384453
252.34355510725703 27.06967778835381
246.11438138518287 26.683416003021254
248.66245643754172 26.190952542104586
259.90016964336974 29.159059954450274
232.54677005733038 24.39709965864503
281.9355312624035 29.653406325455435
245.25683011020567 26.046785499956766
242.9601764820529 26.45730470429569
247.89385482948606 26.14739419133673
252.17943554251363 26.690075095794356
247.67577920350143 25.29851128196478
256.3294985004866 27.235725636707
248.0638775060088 26.219341296636763
245.4289671126483 25.267910806821614
234.49696732042972 24.943802603274918
277.32155972218465 28.92094518595892
245.73904411146822 26.0574151270325
251.64882245402623 28.497991687167755
243.87901098146642 25.998112026356203
268.0644794947052 28.72625789788859
260.42528122218886 26.76641571434078
243.3787836121078 24.40658605668802
242.11950663614584 26.696306638337916
266.9984598757017 26.944437627768124
231.18159623448295 24.734755035316347
243.17697808566516 26.924211654908266
273.2348789048696 29.46537476464833
254.24544140273622 27.13614076501533
252.72296333985634 26.967844625006972
241.96004657382042 24.346776688328337
249.72417713336645 24.56889687079436
257.57168609862055 27.451236386357262
245.31957373031446 26.159065188896506
235.8256032207365 25.509140731463486
234.1431728831865 24.649694984155367
219.17897244680788 23.799194166017227
252.44365040614048 26.406837192897356
276.2188166563111 28.25312084153049
244.23850631908354 25.667806411271165
268.4115745230417 29.325940311752518
243.05250523553497 24.661231027737823
230.7968979911483 25.25114878397265
262.3480766620774 27.686546093049177
273.6622656157077 29.013970789692927
239.90639899477978 23.98023697270121
246.77832844336015 24.619748682906973
245.08457418225174 25.678238472203567
252.0718499740475 26.337286108859942
253.04716583887128 26.704157904575975
257.96276352184236 26.829227513909355
249.71107136581685 27.51577524869242
252.8215191555167 27.283406400989623
274.61567502905905 28.20220648175131
231.48120678631065 22.57252703467005
231.18335539251547 25.266696188539626
235.98481993891477 24.044796438189785
273.9207135749883 27.820000002283265
242.4867498615751 25.458578624560758
246.54122641368545 25.92662615302501
230.3858058942139 24.797915862133124
252.3997989671215 26.51886765407392
246.5543959626975 27.458001750345684
233.36233262822753 24.549559475169698
243.18605934739185 25.495178983014295
252.20950444209336 26.805636206606398
248.85852960761272 26.065216063535697
236.16417873235142 24.71165872677883
251.75697564065928 24.79603479806905
265.2481219006698 28.855904298386005
245.72827969440297 26.0777573421911
271.2703165510039 28.55719829684404
258.6160268262912 26.15791962648891
257.5369136153067 26.124343925187667
244.46662254071816 25.95435219045607
249.7794205624189 25.919231127662812
277.7214187937898 28.62521840022452
254.68975177559057 25.229562459497203
258.3842830546676 26.126578758627872
280.24207644007544 28.452071912156814
246.6675457795607 26.19495099432405
251.4302919037568 26.653021051589732
244.91358452405694 25.93572181398272
271.4378868310959 28.466720486096275
223.18756563778837 23.74593933342043
246.4764076322652 26.33749968812441
247.92528772163146 25.955937560373037
253.20177526330806 25.875134402856023
261.0665329928213 27.44728436941193
243.91863099771754 25.953923284280958
264.72984374837915 27.21254412985803
261.7507482978465 27.7778367001773
259.92891300894104 27.324235776541517
255.11545833037923 27.178437197519994
241.96608107264137 24.065884658607413
254.33089771128923 26.267150535932387
254.27259869281576 26.61760913186143
236.47119823313957 24.98890119914294
259.72935559764795 27.82565700624864
257.39976133838377 27.005191340447066
239.5979621518212 26.465817717030582
262.37500217232963 28.237269043056155
271.0959715628666 27.164769558005684
250.58498036696545 24.758176228351996
267.19271437695187 26.825349792688222
258.3877895662196 27.428879432044432
261.79314027373596 28.20396832394572
265.901503560731 27.609661169884443
265.75119431201796 27.98040523057435
250.16247674122081 25.755273681948744
248.82041955043613 25.919449017690308
243.82584475633456 25.73542373682651
245.56340373575472 26.70687885760043
259.45363876609224 25.59270365069144
250.08531934846957 26.90483521524047
233.4295428672683 24.877625453166456
257.64456557954617 28.234154159239075
240.56145844842675 26.327281553334135
256.51855649484816 26.370312866844177
247.7896940643124 26.165297924783733
252.65729292201598 25.58662524605759
223.19442023586424 24.24690272306883
243.3239297455286 24.05363207115575
236.9979498166726 25.65750265636511
255.12135829625814 27.282630831142882
260.91236341846616 27.84755010932136
246.81171537678622 26.494089064627666
239.49545025109094 25.21125293600183
254.8346085725043 26.009101376884082
246.1931046215109 25.72046191038704
237.56457338707037 24.65214170458385
251.3799745048955 25.64186355905741
246.5160991565964 23.522657474284824
236.9060800893872 24.1032163928717
234.51464289297863 24.78057852610409
234.24741283839822 24.802961685404725
259.92982374170987 27.705066013861984
243.5428081442397 27.005755487806802
247.442935658342 26.67200274899368
241.32331172129298 26.11302204623279
227.5928012575127 23.553472342769467
265.3633395464935 26.26352174374694
252.67015838028328 27.161524120678457
262.32967255083514 26.979454080208384
231.90094632157536 25.08839841176781
261.8821889785071 28.371785914141203
232.17399613097717 23.22467624062052
254.22355848148172 26.244441111512693
250.0301295971034 26.353756354623993
238.46641091514167 24.84786635423631
246.02335448552836 26.1728062582663
240.19097903450077 25.616912580179424
249.41808344776481 26.06105768099659
264.39020407246716 27.900886662520318
253.75906041629645 26.56754578991894
263.2488679558486 28.5393214354964
230.60918255780135 23.509923145571697
239.47426722475385 23.77992274105136
244.95785077301534 25.903610072330622
244.06724616467534 27.322207983476506
263.2359662503528 26.904118232139687
249.50884243912088 27.32717211770947
242.17573650201453 24.72707569133371
241.9832488967805 25.573567477671805
260.0407841731957 27.151332551406576
244.8490117049702 26.11811538633789
242.7882786422125 25.359492089078636
245.8439740162717 27.617580430032696
237.16182930578495 23.647402229351922
254.71416727071616 27.982758032854118
242.29664373635694 25.968673063980336
261.6990031498895 26.374333447670914
266.65622995975934 27.25951686442864
265.08669165655505 26.48663326249981
243.78139980696605 25.932980635812044
248.25305796344892 25.647192447982285
240.10612671956432 24.676704872986946
243.4020934952743 26.082198622639385
241.92880319622446 26.644547050219796
238.01931739063127 24.44300439054297
233.22539963089733 25.221313842637095
247.83253683037742 25.37574048004196
246.1524646324381 26.297551956657365
246.3174184230814 25.897466564687626
238.00272446786357 25.70270831701902
245.94910976302526 25.67400405915228
240.90656227936978 25.508367161314183
248.46671574457548 26.21579392847648
249.59187113543754 26.254700192804552
254.14165628851092 24.313459308798983
260.03508314626765 28.22686471662931
259.4918639115337 27.78668835290233
249.9745161566234 25.09560089173975
229.75835809456495 24.202201760362364
280.00793514404825 28.791542865361098
265.6884182211777 28.191997891461767
263.8296212804755 27.239534581306618
257.57943061632017 26.362272278809666
244.25374373860396 25.962727589584684
249.10494410719681 25.445404757910985
254.53699585541708 25.9563837480796
250.25282640689645 26.097413660474313
240.5133018652449 24.291741904956925
243.75494466189656 25.665249639508367
241.2312565220289 26.77579260682306
230.22935988487905 25.559169436621364
239.11165674105496 25.752701880814477
243.9040062859078 25.826182097791524
246.294460673671 26.625136860933573
275.95874569932477 28.39304451123502
257.15524269894456 27.515948004898032
258.85867063218353 25.46390432029312
257.0116845392007 26.68308954104289
264.04397328048975 26.337740625184125
256.4719709411697 29.09158449165759
217.37152818526053 24.162275546965773
234.35039568266805 24.216446660758038
242.1559317535683 25.7587647566633
247.8252492572566 25.067904474868193
253.63071874115667 26.429416595292288
238.86726578272123 25.185824874128787
255.2130626585647 25.569491361708156
245.89004799163106 26.019679341779142
259.23200619532895 28.010579363674054
239.34895322969922 24.50364784217736
275.9999127678329 29.255527432230693
238.61091956838786 23.195369860237687
224.26985807297083 23.095613664901595
233.47916947345956 25.193571022065
240.60916323167348 26.45848400358334
256.76744036319604 26.66508944218904
224.04372008757164 23.237286269578753
246.7008614205259 26.133450603693614
265.9160615972977 27.28633443842941
254.20770440717683 26.493834209007574
260.68121465096647 27.199923172452454
268.48330954484857 27.61023928602812
234.23500161138216 24.05368302502282
224.65999886903663 23.65075816107027
243.97597672838253 25.302517794094026
260.72469594312685 25.497103133727816
238.11835011286018 25.389611509646937
260.87916582004766 26.831866972348408
239.7204157377519 25.220063244118126
247.75246165085304 26.24722731237929
250.13723909161806 25.191329037638756
233.07578143207004 25.972871240479176
248.23945163770685 27.146346640837404
266.07376735007546 27.315330371322915
259.85234922406363 29.872917460968786
242.35846403814276 24.506286717028324
225.5042429836127 24.335463039548312
232.4503294990334 26.855731916255653
262.56106026615436 27.042144659448255
244.4448297977586 24.6698120993022
238.5135988488048 25.29122321191398
231.70302677258033 24.00728917554025
229.33255965068355 25.037230257590856
246.36348189238106 26.319802935257375
240.3120986743071 25.575810010590285
252.91856699472592 27.688004122479008
246.38874551851143 25.024273456014768
237.6663646885784 27.676762297488956
269.59193293925216 26.45315234279071
252.2398365867788 26.63518511650813
236.03162834263375 24.82473608720922
257.5745324475943 27.186682319800838
227.12667085698294 25.315128511297544
