4 165.78175784302317
4 161.258948313676
6 174.07868762845456
4 171.5252575293548
3 173.93989704633788
6 177.4179748996951
1 154.5999267744697
6 172.2553217760708
3 171.5085760344918
5 169.75156318733093
1 158.95988000707538
6 179.63581891221432
1 163.42601467121625
1 169.83523311096258
2 158.08919653367096
3 170.4082894029462
2 162.87602262904275
6 164.98727365525744
2 155.05873591949637
3 174.1668662926695
1 166.40102764500963
2 172.7998849790953
5 182.06303999499255
4 159.73762835888502
6 169.52051554994134
6 174.99399290019008
6 170.67263938416735
4 178.1338319546998
2 166.443586861992
4 176.42330390306563
1 161.5324910255875
3 166.31724181795923
6 152.20068447656013
2 166.38407175565646
2 165.3473034849069
3 183.84311826392675
4 166.80297406792593
3 171.19785584598873
6 177.58206179539098
5 172.8073316836794
6 173.03655743680923
3 166.47426921784975
5 170.02610325184176
2 159.15908045887326
1 164.07438094670155
1 163.56758430526725
5 170.86154949437756
3 178.70452148704285
6 178.671536648722
4 165.26755997720204
2 161.51000351348358
6 176.4199121267833
6 178.51926093101216
4 176.46002755792668
4 177.64607183856816
5 175.90686977562487
3 173.01497493426803
3 168.50370539561075
4 162.20549282723476
4 164.4333227693305
3 157.2535678614031
6 163.58001419725207
4 167.11323299906493
2 163.15009216794874
2 189.0324853086167
3 170.6349477416349
6 168.10750074790184
6 159.86042227136386
1 146.51790349376384
6 174.32630016847352
3 163.51477476840898
1 166.28544229567012
6 156.4441387127087
2 149.5227646097763
4 160.83325564189937
2 160.4797608318233
5 166.91896637702234
5 169.80193620259902
5 177.3107732536158
2 157.0446173848957
5 177.0805473229613
1 154.42302050668786
3 169.56897536346153
5 179.56378133750064
3 168.5503005872294
5 176.95226678852
6 177.7221368070823
6 185.51509335630345
3 171.38238517145157
2 165.56094694366763
4 167.72395405918505
1 160.46297614907573
5 166.94836715136813
6 176.62853017201846
1 150.48149797030635
4 173.8744712142528
2 173.85462303756944
3 178.29865841166514
6 171.36647356021894
1 162.4775814060205
5 172.81385460772444
6 180.5325994773749
5 187.43803016578542
6 170.26008601121754
2 162.20824006822127
1 160.7527107104423
2 158.23862153274027
3 164.2670646513977
1 159.71030596854447
5 167.5070019404209
2 171.41249843382573
6 181.71363124890246
1 161.38805409972113
1 157.21558884416123
1 157.97900791188914
4 184.7410936390109
1 140.06177405044423
3 172.96965007490445
6 189.31686451496253
6 175.1063349083058
2 162.75706017024757
1 149.81041841654283
5 187.42619720684152
6 166.7275055890538
3 171.43679133380886
4 185.95788403731422
1 157.01730285551307
4 168.26872591258652
5 180.41765594166958
2 168.01371327400827
5 175.68897688636235
6 167.73937477461567
3 166.90211014039872
5 177.70437171859197
6 182.61332574547575
4 163.39659724404498
6 172.53703317066334
5 178.49768937837484
2 157.29984249016724
5 164.6269325356286
2 172.2570098883284
4 176.4182779845723
4 165.64430419132933
3 162.44373498314707
5 166.94820651466344
4 167.35769876328612
4 160.99619761467324
2 158.717213257624
4 170.4022212361914
3 159.90317817575206
6 181.79147034752137
6 172.8153513416013
1 148.40895142750978
2 158.04487380219976
1 149.94834275410616
6 183.89813626984412
5 181.90994981728952
4 174.10245342699145
6 174.32411345006585
1 152.20409031917094
6 186.8495907599799
2 169.47678951394872
5 179.13357903970075
5 170.82188939428093
3 152.69585616208724
5 186.83533755425697
2 169.85974005020987
6 173.2490374661861
3 159.27428692394267
5 180.7576040811487
1 164.50511110219827
2 158.59777116014288
3 164.49214173388734
3 156.06764231662686
6 177.70175494278664
1 157.7437533822196
2 156.4679343223712
1 160.1738608242742
5 181.94488770572906
2 152.23085914601947
6 192.97514296049417
1 157.61857855199145
4 182.00308979643398
5 179.22733781326767
1 162.62904719607292
6 157.51291062265904
6 178.573118815678
1 152.27907067526863
5 172.50067275206217
5 183.73764912215478
6 179.2779314006101
1 162.1855157388029
6 193.04290914547664
6 175.05798147665325
4 165.71561505309143
1 154.9083349711309
3 182.6527754397284
6 171.89264615188867
3 162.69297635032058
6 180.8028934763102
5 167.77105227938515
6 173.9225740276265
4 185.56635137951213
4 180.88483679620828
5 153.94626562440024
5 180.8796525533991
1 159.88143299577774
5 165.44691968223967
6 182.9187454500613
4 176.78590445752775
4 180.443503986869
1 155.72187173796405
4 170.27727639950575
6 170.27248282357158
4 172.8009957049264
1 155.0757611560146
5 182.53675221863318
3 167.717432108128
6 166.7383308667245
1 168.5234932094853
2 153.1916258760088
6 189.59511113320133
2 168.25416652042563
1 149.56574266161172
1 159.18542074773256
2 175.41769867204601
2 147.0280927104142
1 162.98861012310556
6 167.8817597707412
6 177.94126463455052
4 171.85830210077273
1 170.26253405338258
6 173.67653960470165
6 157.97979228489106
2 159.0670621884772
5 165.6554764175136
6 175.7410249475427
2 181.5529068015863
5 178.8291561173506
3 168.54476954759093
2 166.0870770427469
5 187.01426885909638
1 146.94171165967578
3 161.97832116632492
4 169.83430484451705
1 165.56738812815223
2 159.3819614157121
3 172.89678966324513
4 169.29417477567037
5 189.20802300687618
4 164.72860790994986
5 182.88795992625782
2 164.89859294758168
6 166.96588577917615
5 177.70555379208267
1 141.2077386839109
2 169.73053588467323
1 158.86231917256833
4 156.11641957955266
3 162.63768429542026
6 189.0669954519685
6 175.0131480304863
3 166.74950739814483
2 156.66928492216064
1 160.84721720699855
1 157.0239526161443
5 185.93077803053896
1 158.95386123309095
6 173.34967743850376
1 157.66924613076577
4 181.57439180968976
1 147.24235079045846
1 166.3062702462946
3 177.65326967860113
2 169.45171904140227
4 153.74471712014636
1 158.64390358388752
2 165.53265603496493
1 163.7815302899917
3 163.89507580652568
2 150.08137872387528
3 162.34320473642
5 181.24976673352847
1 152.63628748669436
6 185.8993070807642
4 162.4204401345835
1 155.6984327998488
1 155.58369314802684
2 173.77391509282432
6 174.34455338851274
3 161.11409035107818
1 166.23564283462832
4 176.918675148693
3 159.83509151343202
4 170.2574438570926
6 182.47523188417807
4 179.30882036355555
1 147.431540310645
3 158.4898627781585
4 161.61758454216735
1 154.89444749050176
2 157.80224373140703
3 160.96953251131626
3 161.32197035017725
4 177.59862729696084
2 151.8233435431911
4 173.44214713512415
1 159.5541345321104
4 176.43547957928558
6 175.22045405409557
6 174.5950217774306
2 155.437228046148
5 171.69418138201644
1 163.6357936939532
3 149.28148465044194
6 191.53487505022872
5 173.80673962317573
2 171.57404457398272
2 169.13209701171002
3 174.6048997868329
2 167.03372155359506
3 177.96001620678672
2 170.21034090416552
3 156.6165603869091
1 158.48164531595106
2 165.33881209849864
6 167.22399040134746
4 169.04857536127727
1 159.06930616218136
4 189.90891270326622
4 172.28928143548424
2 168.68039767737687
1 162.98477418864005
2 144.7310517567014
1 159.47061308126544
4 167.94864692110576
3 176.25499501273646
3 180.88027077098008
4 171.3745664354238
6 162.70645462006306
5 168.05731952637828
6 166.44093351453256
1 165.28774236463198
3 174.50098668718832
6 174.07646711164534
1 151.19575239632937
6 178.57323763391264
6 159.28607511132546
3 174.05783835070173
1 169.08011208590386
3 164.3302453325245
5 178.5596247623484
3 187.08840132138738
6 189.58021754165534
4 180.54087043453345
2 160.7954623976496
2 165.34144043124425
3 155.8129024275644
2 167.18068589395986
6 174.21845655226983
1 155.8586515418945
3 168.63550369635976
5 186.76669004184134
1 160.08160864836586
5 169.51296112075246
5 184.03252631321755
4 176.27648293826906
4 179.08527140031768
6 171.82095175439127
1 154.6001000698009
1 154.8327193225528
1 152.75454612433828
1 149.82050886459942
4 168.93364057008066
1 145.4096088557963
3 160.7432631253713
6 180.90751807549157
1 164.9621769377807
5 172.97853662315916
4 163.84373299859192
1 151.75771945409903
5 163.26887435854934
6 179.21977374382035
6 178.60237241876084
4 169.46862876960563
5 172.48530109925548
1 163.66027436550834
1 165.58959808823005
4 185.18698898965133
4 168.2987055769292
3 164.492019954271
1 163.98286929199696
2 164.58064540372143
3 165.00030071306375
3 178.79297398257097
5 166.76448790009636
6 196.31884742685068
6 187.56771994413245
6 167.69614769630724
5 161.97956337645306
4 176.8366620434978
4 163.3835557246034
1 173.24235458891076
5 165.9271216651398
6 179.74201429429357
5 170.2142964112936
5 177.78139642413868
5 179.50748040443074
5 167.43225809001908
6 159.1561299731075
1 150.13061293447652
6 176.23527300192333
6 175.03168792457348
4 163.69956329067995
4 171.89525485307885
5 182.49416113364114
6 175.90394652225703
4 177.90992545494038
1 157.09750534493594
2 154.44629292643106
4 173.70538897961796
2 169.99076550043827
4 167.7576639651104
2 174.51746295699317
3 155.6717942873218
5 175.88134454933183
6 176.58539473573398
1 144.00033046121675
2 174.17168755235585
6 166.8326776424844
5 177.9665618264847
3 172.57458276794821
5 171.8346973069944
6 167.94138134878278
3 169.3821936390275
3 163.03799657146644
3 144.19327833638815
6 186.6753442366499
3 168.3825157613898
6 178.34634445987763
6 167.76238739521355
3 172.35998148059323
1 144.57453495499615
3 165.49050071932336
2 148.48178527713046
1 153.34665698298724
5 178.94873636358722
3 165.7259854113874
6 164.22022974037753
4 153.81423119839434
1 151.6678847031176
6 178.51858550774924
5 171.33250188286067
4 159.41283004573253
1 156.213440367763
2 167.70668896774055
3 163.98102005623142
4 164.5975856289047
1 147.4805070451485
5 173.31323220036083
1 160.0032058111341
2 165.40560546762103
1 149.6860898561258
5 156.86901560731548
4 159.05888926851128
2 144.95734199404995
5 176.04583393403786
4 180.09750010150097
3 163.3191226334536
1 162.3145220817384
4 152.3603617872075
1 145.41591326778084
1 164.7351019405207
6 168.30491392416832
3 166.22707889740238
2 155.563412364005
2 175.8362549672269
5 164.10642147720296
1 165.0410766767002
3 158.2258889970265
6 177.7269726166274
6 168.841466153634
1 170.2501349557033
2 164.7648708174324
6 176.8830637073543
2 160.71653531618486
3 167.79133821647596
6 165.04591801013146
1 151.9036553741356
6 165.4278498312852
4 189.65655979954397
2 159.5081338467765
5 178.07822063848857
5 169.6347764467727
5 152.19189343342458
1 169.6180159294747
2 155.96129675593156
6 177.23501845606577
5 183.61558859314246
4 169.2749232283913
2 175.2470894940787
5 170.07484718128208
1 163.41537718181027
2 149.3261145018747
3 158.03748988932472
4 173.93641663396647
3 152.32590559467283
6 165.93205003880956
4 162.06698528196344
4 168.3065883993367
6 165.4153640749062
3 166.53853019056993
2 167.980413606723
2 160.73956456253458
2 172.32625522042468
6 171.3147573004546
5 171.0703467520613
4 186.6523679079379
2 165.52130834300993
2 160.67503853978394
4 168.00576876046637
4 166.595007999974
2 151.7242737376796
3 180.58677892486344
5 170.77375750499647
2 159.38845259983614
5 184.41073078493162
4 173.02211259316715
2 161.327526856567
2 140.11873378182523
1 157.7216852808872
5 178.24782929862695
5 174.37036812575175
1 155.22891452356944
4 159.47689399226905
1 166.16809709665628
5 157.64884980275065
4 174.6312955915014
2 171.19768631217033
4 171.23526741335644
3 181.8299725405356
3 185.8401439181039
2 178.89507132799923
5 184.94755015295056
2 162.79362380371458
2 161.76631740288585
4 156.15512346424143
6 165.11199231172375
6 175.672549976661
4 177.6058578484551
3 174.3113895365933
1 167.25063626359835
5 172.00077831203208
6 189.8628135654925
6 176.58377256854868
3 176.74665273138385
6 187.39686009450944
2 152.89986356311425
1 170.53592875715816
4 176.0629242881728
6 183.23257891338437
5 172.1463053646057
4 171.51889754560568
2 153.35998357920946
2 166.21697741289063
6 178.40444724062166
3 164.05712866928528
1 145.30607181092927
2 160.53776424125996
6 176.4900803717424
4 165.4908801691835
5 173.72190590010578
2 145.67727878421698
4 176.16165979856345
3 162.63694103596703
5 169.75204866645583
1 153.0400053797348
4 162.29165519767722
2 166.3393884599598
6 175.95611027914435
4 165.57379781220652
3 169.54277796307508
3 178.9612888290416
2 153.28191687629985
5 165.18836790523292
2 153.31017694905222
5 188.90878815930486
6 173.10898586287078
5 167.76015510407018
1 156.63455688310432
4 172.33094799560615
2 165.5443391823015
2 143.75616955002408
2 181.07831100156164
6 181.31432292264466
5 178.4965656195178
4 173.40907716990753
4 174.24128520697892
5 181.6683332122642
4 184.2863125310802
1 149.40992996035268
3 164.22067915491667
4 185.14500510276622
5 179.22070032076167
2 164.2181019488797
4 159.13131589721266
6 168.4015752135493
6 172.7405300757696
1 166.2713096541067
2 147.41251041290218
3 175.9097294354001
6 171.86667264065736
6 155.84925599406313
3 160.61121253533014
2 165.05707392491078
5 170.26507058809943
1 154.17724121509193
2 175.26404464588518
4 172.6324612128704
6 175.4853627531727
2 159.66408062418967
1 155.4749118844833
1 157.08315451443485
4 160.84884736547812
4 178.61602571709955
3 170.28367408024326
5 170.0156350982217
4 170.37674782470552
6 166.47973679149638
2 154.07904338562622
5 174.65170299353912
4 162.3952469542898
1 168.81764420612467
4 183.04617227414084
6 179.78558924192512
4 163.53024965176724
3 180.72567962981816
4 167.40624807722563
6 170.68463282803182
5 175.13009502347862
5 168.08990953028612
4 181.44949665749314
6 186.20838890269295
3 164.89599704031
6 188.79602443783543
6 176.70270184478198
3 161.16882172712423
2 165.46299378660842
2 164.23877584599973
1 152.0036269971489
3 179.6213467037679
1 164.73972524842836
4 185.0297572303999
1 152.7829611071689
5 167.40859303024132
2 154.23937123710766
5 164.6081336755263
2 149.4200784782754
4 173.82152273490357
3 159.9292853866529
1 159.6129809875004
5 179.24956207249173
5 189.4516838121931
2 163.6492039502916
3 167.46919989746107
4 171.34743631345975
4 163.15571828078077
1 162.99204524374528
3 178.56425378562008
3 162.76057407211803
1 147.56657042081417
4 178.11974621202916
2 165.0356641411659
4 192.59494736335645
3 162.30969828592856
5 182.18210064289013
1 154.2863077535095
5 168.0241554756832
1 153.60716883722938
6 186.40623944333197
2 168.66444226261763
4 175.49921778698243
6 178.4040441693859
6 160.89548876556074
2 169.58272444493733
2 172.27293179090077
5 174.0342353880154
5 169.9857933067991
4 174.58479339269064
1 164.87002907258196
1 162.6487079511999
1 159.33461681047672
2 144.9196421191099
1 175.85556537472524
5 164.84626586086782
4 180.04705851821367
3 167.7748530477426
2 177.30062117658974
1 172.26412247248385
4 175.9814345481992
2 156.0574582513125
3 180.48331985782457
3 167.81234160692915
6 179.9043804011506
2 169.8922782913638
5 173.9836599408263
6 185.0769614755566
1 153.6878178645631
2 175.9714308278251
3 148.6067691346422
3 171.17809385598432
5 168.18575807045238
5 166.89281611602948
1 162.44591542872803
3 165.50139466304847
4 170.76550264417827
5 177.00501065102432
1 155.97084274941415
4 168.80466712428395
4 185.58663637666092
6 174.55158641384213
2 154.10591635261622
1 161.9137249062869
5 164.34332924164184
3 172.0352035809184
4 172.17117637546275
2 162.80146089610545
4 171.1997987140593
2 183.6610027119485
4 183.2094041686272
4 169.0269323598958
5 177.8696257470226
1 174.1053874571466
2 158.1701654915645
5 163.1721545523143
4 165.32995323578527
3 172.12370490094298
5 170.9280414333377
1 169.18334361976213
4 192.46663664471882
4 167.75479956080792
6 171.0167695111158
1 160.2147109845402
6 161.52704065149862
4 171.34960263703735
1 154.80759067679926
3 156.86804553883303
2 164.2419396505644
4 177.24723415446127
2 173.81584657822742
4 169.7909163368168
2 158.81394797011924
6 177.53654723531997
6 172.28497956810313
1 148.93723668906168
4 174.41393628452954
1 166.5064957871099
4 179.21903498930268
5 173.22317142978486
2 157.06746938971958
4 181.76962782404118
2 167.94746862930634
6 160.78867005351518
4 174.98649660635743
1 161.65809179894873
3 168.86295801812767
1 169.23659658766883
6 168.8287665771997
2 164.01485488648777
2 160.1999786135958
4 177.8785965101326
3 171.56292210395725
6 175.65188714977475
1 155.89712190925155
6 173.224989741859
2 166.69500879726957
3 175.83289411120143
3 167.5117474837446
1 163.49174634816464
5 170.32036291914048
6 166.2306040761839
3 169.03828542179735
2 143.8876455059393
1 160.49408398770356
5 173.36314681159297
3 177.5694116404659
2 172.24826339576356
4 174.10050895777312
4 191.5629860077699
1 143.7638756921714
3 168.0846878248424
5 191.31780364796668
3 159.68997961737
5 168.01981612828646
1 162.30685513369212
5 161.53697171488434
6 166.43350907220534
2 167.05100534133257
2 155.65249289194543
2 155.09349979437366
5 186.7972183353235
6 172.63193552138137
2 155.93681455548804
3 157.69399219340838
5 165.4577157403281
1 159.2406428855387
1 158.77852345022805
3 163.65792689556628
5 187.01319187336742
1 161.098610262022
1 158.7207804119035
1 158.24742262231
6 182.88290742270485
3 171.01765951964893
5 168.67209162620068
5 173.569035165035
2 173.86599902296769
4 177.9186992302413
1 164.95423505887982
5 180.82447747262424
4 180.16764941010652
5 158.49774897919292
4 183.7219867258641
6 173.19652358551937
1 148.5967614347224
1 137.5569518134554
2 159.37939896226956
3 181.9256220699855
3 162.82925124036439
3 167.8163091841101
3 155.92348815343934
5 183.4547600399269
1 157.91250883323826
5 160.11930102445862
6 180.781548613753
6 174.59052480128275
6 155.55712078952035
3 175.38267004758544
3 166.89703409693468
2 162.69118836012294
3 163.51557099614104
2 165.4311635375302
4 163.281344878398
1 171.11273894331006
3 172.67614008750243
2 164.57453270181438
6 171.17450803671773
1 162.75442309033627
4 165.33131227549146
3 172.24198105832878
1 154.88119108191555
3 161.08232470414117
5 176.98821810362196
1 163.45625951177257
1 148.08509460049186
3 167.67488034386847
1 139.9249566777487
3 176.43600328954722
3 166.75225187710433
4 174.19909516431198
5 172.80284176482095
1 150.14827488217495
6 164.0908438238473
3 180.36951065266445
1 151.1312290913917
5 179.8022085924256
1 161.9639441507997
5 159.9745851374139
4 156.85864315146665
2 164.4807307319468
2 167.97635141376705
2 148.03167508079991
3 176.84085400048156
1 162.4214098669391
5 178.68229346317924
1 152.63299396528373
3 168.31607206368554
4 172.2064833208209
5 183.85779151783603
2 161.4388971045952
5 166.2963686238067
6 190.6072639098101
4 170.3647054915273
1 154.10254124613624
4 179.45063005080866
4 181.8243741509018
3 179.15491580652346
4 171.83037197286572
3 166.2370260936707
2 165.70832881708967
1 167.50991477351718
6 160.1702241958323
2 149.50823446235697
2 144.73518432102114
6 170.73467379111793
3 160.10508448193664
6 179.12958754651677
6 177.90351821630014
1 145.84524625059123
3 187.5259896429646
5 164.106479377266
3 186.60208316855898
1 154.76969642327592
5 165.93054878153131
3 176.85919731084138
5 173.49311001710046
6 177.8338593565425
5 177.71777116069245
6 172.31885659891503
2 147.24646654825727
2 168.54528294659232
3 164.888814260935
1 154.78844265559312
3 171.34315917731593
6 166.02919497966096
2 161.41553663882132
3 178.74019176366707
3 155.656101752283
4 175.3109852888583
2 172.13437287211198
5 173.87975949259058
3 167.0943078025755
3 172.74781250236265
6 173.9042062002055
3 166.68243828381895
1 164.47146510597247
6 182.08775561833383
3 165.64390547273015
2 162.45466156753625
4 170.58586998582422
3 175.81686525840138
6 177.6904005524971
5 157.86383476217253
2 164.60081490673917
2 163.0764435779307
2 159.56009371268337
1 157.90451502493445
6 183.5270867155955
1 149.23602287588272
1 157.47374937924585
2 157.51276237204033
2 178.2711751007247
6 170.85796874218022
5 190.20712276015294
4 175.874159154566
5 171.41995686142852
2 175.30661857456278
6 168.72200208906625
2 163.40205363849572
6 170.8824232455404
6 184.2281388770159
3 163.24561010942676
1 171.15052019483022
5 185.0696357575531
1 157.82543955245688
5 173.3872962253506
2 160.2256205743522
1 151.58615954782633
2 153.73836245124184
1 159.24220068530684
3 175.62558344260302
1 152.54416428834986
3 175.05019892787755
1 153.65960048193992
2 163.8062908743751
5 164.31141309175783
2 163.6212887525972
3 175.46375088182572
4 158.65879927438084
6 177.01332490604108
3 165.13447105907687
2 161.29900573036954
1 166.5779161528001
1 172.21037577696896
6 183.71988520089747
3 172.40391882856912
3 164.25658231606926
6 169.14086773791234
4 170.73273043342465
2 151.16442022271977
3 174.1217262771911
1 139.24490930634806
3 156.98719231987283
3 185.19630371811593
2 158.93875988164856
3 159.57472048127798
4 164.0766148338352
4 179.22129782945595
4 165.3696772710176
3 183.59512152914823
3 159.21926547442993
6 173.4661570816534
6 172.24329343216488
1 151.75055729297986
3 165.4215975355869
5 181.24333381438433
2 159.7363283030621
3 159.74892605079197
1 158.32619756374456
5 178.3311678399001
1 164.97959592060943
5 172.12899042343878
6 180.96616785952543
4 165.32710013394896
2 152.18789925597173
3 166.18232750894683
6 185.70420233423206
1 148.16739019730397
6 163.11834613749917
3 175.2834164306821
4 179.12928718952745
6 183.15784735782918
2 155.00022645665658
2 164.46271236585153
6 186.55383472340054
5 164.18855524323706
5 176.71280528575167
1 153.18557938476724
4 164.53656692977603
6 184.47804475638154
2 166.23291285862192
5 173.27213852438132
2 154.75321910401283
3 165.83259010521712
5 189.98427874556526
4 173.3040097051152
3 176.0247213345729
3 181.56436315959667
4 190.4246119664078
2 175.2643452851189
6 186.0364694142263
6 176.51866202604782
1 161.43595118197467
2 156.05856587633775
3 162.64047028702075
1 164.24201591680557
1 159.89401198815466
5 181.53224097727465
1 147.48850388488216
4 165.50535429778208
4 166.7984977291799
2 170.20354454476882
5 176.34464447323197
3 150.78014378811395
4 184.02334064964109
2 158.2162022532871
4 182.20785402881282
6 181.02977507989743
3 162.49549923466168
2 165.61203978382707
5 183.46648219078656
2 171.39413175138776
4 190.21964916258784
2 157.66877996594653
2 148.6373944677707
5 170.5796309200647
1 149.10190984700793
6 171.04648174535316
6 163.9147191987872
2 160.6531506574605
5 180.2906351471697
5 158.64199890366686
5 172.10769966506933
4 172.4016742675055
3 167.7632909238348
3 168.19317094370464
2 164.09964717207055
5 177.69427338720996
1 155.94562342192762
2 171.738825252218
6 169.826266374733
3 171.89978777740208
4 164.59498498755414
3 174.9450832281273
3 161.82692793653027
6 185.820927788895
5 174.38398702937394
5 171.76849499823882
6 189.96346488416796
4 190.0524497647728
4 169.7963311674072
4 177.68569743693288
4 177.10849046264957
3 176.06258593200175
2 167.20022952654946
1 165.2696072352563
4 190.16729466218686
2 157.83205468365713
6 168.53771156483776
3 162.2017495241626
4 161.89957740512472
5 180.79399631284647
6 166.29148410805897
5 169.42237866950995
1 164.65712070320794
5 170.65710044083318
2 160.48528479711152
4 172.88582395151911
4 168.61077662286638
5 173.3543422808967
4 176.6640951102126
5 164.75953758666253
6 190.5960051413884
6 168.50224145267225
6 169.86030850213143
4 165.85493865382713
1 155.30469959160558
5 173.52952801355227
1 136.2566897427477
4 158.87017583155878
6 175.89686016265279
3 165.01079377344578
2 170.54009836115463
2 169.31912208277768
5 182.81106489228281
4 167.71828474298084
5 174.1802994660383
4 175.1737349904129
5 179.93555272851896
3 185.14492660555777
4 169.39504062219237
3 176.67973672661998
4 186.4429471097926
1 151.08155471018017
5 173.14254897190477
4 172.88408513832806
1 149.32533963658216
1 149.67295621017738
6 184.2230918230732
4 167.1381995369826
2 176.33345886942382
3 152.57455523262485
6 160.39828983160695
1 170.72608715854676
1 152.9694137550752
3 174.92226015997775
1 167.8572563492222
6 169.39460315885773
1 166.10047101170622
3 169.83788915315148
1 153.82786310642027
4 180.84945749059804
5 169.12780737197028
5 184.40309547050822
6 188.81806636353406
3 174.55525894409388
2 170.2304533455507
2 155.3083542573128
3 155.01388851016674
1 154.62872153983432
6 182.81650558143866
4 160.05045045193876
1 147.55419283158304
3 181.8412214511268
3 157.2279951836628
4 179.30560795193924
5 186.48852127993948
6 178.57229156584438
5 163.98864109411628
6 167.64057145370805
6 166.69639574217746
2 159.54665974065722
6 173.2674170795135
6 174.16460224510212
2 161.25112622714937
1 158.6013054927609
4 175.35067367933195
5 160.0339225307505
5 181.65297032083623
2 174.04530868873982
2 168.03724030892326
6 172.486671155535
6 175.66525084712083
5 185.37609729004882
5 170.12229752269062
6 171.6820228953307
4 165.39615420279534
3 163.3644986265654
5 167.24843847240314
3 166.56768933172498
4 177.27354649147503
1 170.41360446282852
3 182.53141881449972
4 169.44645111863647
2 163.16381566399576
6 171.21516574395756
1 146.7416987831607
5 163.9901981145646
6 165.38608392558535
2 174.69541229278227
2 168.4720556903022
2 155.64459680943818
4 178.89855756206612
6 177.1899992033694
6 175.8957393589248
6 184.37685520498638
6 175.1674579851748
1 154.9604546579669
4 172.8324148038472
1 158.44889082557043
6 180.4170083056744
6 175.79936629524596
3 178.32790068268108
5 176.79028357641505
1 154.6530041519481
1 156.44664963812278
6 171.24561961651986
2 174.85228211991284
1 159.4754302316967
5 183.78709091374049
5 169.10807561190424
5 168.4053632629104
1 160.6550873842891
6 180.88340568226576
1 151.9556435724985
2 170.63712920420892
4 181.4161703294521
1 161.97871322418573
4 166.46900193016413
1 156.13180372991962
4 162.10925826154204
2 164.99949894481736
2 160.34128734058896
1 158.40405814525144
2 162.19922363090043
6 164.6517696795025
3 161.38070040196897
2 168.89441763184297
6 172.239862257868
1 175.50601973050436
2 157.43392817461466
4 171.32544890360936
4 169.29871722139234
4 169.26765738602464
2 164.65858689525365
4 158.48577277040098
4 186.12630866369506
1 162.2410642757716
4 168.10919024949587
5 167.83356915127717
3 175.30408821509025
3 175.4242049733963
4 175.6987451255901
3 159.74527829739463
2 164.3374288916681
6 187.36286745498722
3 172.08834771032133
1 155.2916556111142
6 172.01749819756535
6 173.42381452172302
1 147.70451873445583
6 172.06409940038603
1 152.56171661125987
5 169.45508878622695
5 173.09876125055726
2 152.98931035183108
6 183.51052086953942
4 165.4069635032022
1 161.7623166840323
2 173.7288227515677
5 182.31875609492639
6 177.84912835236716
5 169.5091944740563
2 166.15752887019633
3 176.13731944945212
3 163.521507336236
2 167.5546934660527
4 178.4388369533509
6 169.46295883015426
3 167.11342963223555
1 161.90775379342497
5 162.4752423515591
2 148.67341459424375
5 182.22295212651906
2 171.31891410155077
4 167.82826488517114
6 173.61582438632226
1 158.06876634656516
6 177.74678339393174
5 163.57214550924252
1 174.1264679181387
6 185.47370707186593
2 155.6438275361651
5 182.0575771934451
2 159.89599106754548
4 173.31361697270148
1 167.44835992164002
3 147.7468543704875
2 164.9450313554477
6 186.4590907806279
6 177.83983146607864
4 179.93159021060367
3 173.12979053206686
3 167.60850853423736
4 173.6788653153118
6 156.16669787155462
2 156.45594375476247
4 172.69193111799842
6 184.2848815269103
4 190.5861306399343
4 176.66549552697208
5 171.2004632860685
1 159.1576194869255
6 182.20492025421282
6 185.14313880569128
6 175.12846993166755
5 178.63157254486293
4 174.9752653214295
1 159.06541300212925
2 157.61156201945133
5 158.62015450057743
5 180.8945155308106
2 167.22386786023634
4 178.09152848956901
6 160.42831156604097
2 154.6449151409181
4 175.74530492981725
2 167.10515956341163
1 154.12849579107154
2 162.3257780109214
1 161.32312498901595
3 168.40557546543246
1 157.60913062107196
1 148.46229309110487
3 167.20966439624675
3 168.40186709034225
3 160.07856063765774
1 151.10549830016828
1 145.87047467176382
5 168.35637466093095
5 177.6195004547047
3 176.2109467689895
5 170.96317854052393
4 171.62478903027989
6 184.97767627992565
2 156.39304620171094
2 171.14427467135263
5 170.37877318211
1 153.8647675968546
3 174.94477282078083
3 170.90835611554826
3 173.95865822364306
3 166.39062592248752
1 157.43473591769575
4 167.65240840128402
3 162.9994950111395
5 160.08301274151046
3 162.67544632764077
3 169.80418952343263
3 175.9819966866403
5 169.31394925700982
1 166.15364554167746
2 179.56693957933348
3 166.8663714182728
4 176.17878858969055
2 152.7854722252955
1 166.76317794164277
5 169.28723791275974
1 160.99615290307088
1 165.40024364260614
6 177.63232952836802
5 182.38667601028138
3 168.50634707113934
1 146.19207227312413
4 183.36243786732362
4 152.8074983119005
5 172.14148152118787
6 172.790657394071
4 168.93204564732662
5 177.91351915167488
6 170.96800423048526
6 163.42140700373528
1 152.69132523814847
5 178.4151201282614
2 154.93886462362264
2 169.78879299266995
3 162.98956016916588
1 170.92804323547676
3 181.4045358378168
2 174.92243240627894
4 169.14978102828297
5 161.71763481021645
2 160.87277397256625
2 165.9729358368675
1 155.10082399210071
5 196.39362427005227
3 169.2258031386585
4 173.60629682413293
6 161.01615483711862
5 173.8394675556133
2 175.9251841901642
3 184.0973060487836
3 190.41057675332038
4 167.49200365810876
3 169.94139832293146
5 172.40291018814133
5 174.5391311424153
4 184.24597638338315
2 142.05259529078114
5 173.08956761649398
5 179.33296209104213
5 174.34806632101098
3 165.41765756785992
1 157.9416428984533
3 175.66302237756622
4 162.8709121838325
4 186.46729295479136
4 171.2382451467453
1 153.50072235069706
2 162.2452529248855
3 177.61740332506773
3 166.86475327275082
6 182.00736866498775
4 191.42888491169245
5 171.45423794295652
2 158.22703981115694
5 168.9400971162981
3 149.49836035862347
2 166.8060228776111
3 170.12552482071973
4 171.7125834589071
2 163.5507108926155
5 165.62112083297967
6 190.83794829137247
3 185.39421626850756
3 175.85682283272124
4 175.4852097606582
6 176.6283122926657
3 181.18629799030148
6 174.7760470982786
3 168.63270128882573
1 163.4650675538878
6 162.30533069514627
2 150.69875830230956
2 161.9742199964286
3 169.83833894397208
5 181.49596264464665
1 161.4115765670555
2 167.6435668807469
1 146.1469812462645
4 176.35517601700207
4 174.7943621642696
4 172.7848403047086
5 160.32910845823497
4 183.4765044249268
6 173.80311338171316
5 180.15421373317017
3 160.61902000722884
3 170.24608438197933
1 161.40598035667117
2 163.72094155233205
1 154.66014721664095
1 168.11932754383585
6 178.46359147463463
4 176.13767349046802
6 170.21615324841488
3 186.4388584000635
2 174.70669107042886
1 148.16563523772388
5 183.08155410565092
6 172.94039884404515
2 152.918632002538
2 167.05634758835436
5 185.22898951142054
2 166.4926740886546
4 168.64738233139386
3 163.89338346634514
3 172.45463126016622
3 176.6744252379788
1 148.04171166236821
2 166.87267254358744
5 176.18092185236338
2 167.02810999042558
6 169.48521786405615
6 169.00570434589665
3 166.50895856192724
2 162.3092028942102
3 167.67072028191612
2 153.2405669847048
6 169.2851139591484
6 185.9005261553546
5 171.4881894051876
6 165.60259328711535
4 169.40867995186258
4 161.81297454633108
4 167.13430194221016
1 164.5156700902965
4 173.49465338977308
2 158.76549610997438
1 132.6389007144089
6 186.2490775709885
6 189.21720209882022
1 145.4689625310537
1 154.5299603589538
6 169.22041094374626
6 163.96420333488402
2 161.4106370226807
3 173.93646578134732
3 190.22512324422377
4 168.19593776483407
2 158.42353545266823
3 169.09807906181678
1 155.72407896276164
1 156.64908638881568
5 182.06171782705974
6 166.24285540437228
3 171.75693693842203
1 163.66246976300113
5 169.2290157921342
6 179.72703698176147
3 182.0778888950373
4 185.90167111746206
2 169.61838849335757
1 156.29072134240505
6 175.2860635674394
5 173.63331147329117
1 158.62531871960368
5 177.78675300390708
1 159.22365372124304
1 140.2848443833535
6 187.92359566010012
4 164.8708608800783
3 169.93494789585705
2 143.98240311886119
5 180.1262932795589
2 174.87479666902664
2 169.52480891332965
6 186.1364478565706
6 178.12536271773615
5 180.13214768934805
5 174.190188016426
2 169.45879774452845
6 176.38767685219722
1 164.14272836222085
3 157.1794822002674
3 168.21178995140627
3 170.01649187695202
1 163.6989941690403
4 159.99206252355822
6 186.074890604747
3 164.39331643464757
5 164.84776668700513
1 159.97606898030284
3 164.67153722114097
2 162.34397945221414
5 161.948102465827
1 158.2445156805501
2 184.27194901394589
5 170.91533396798823
5 185.69569138223375
5 181.37216920673404
5 175.31058197594723
2 176.6207470115782
2 158.40668273422216
4 175.0978456158291
3 177.05802101966964
4 159.77933723307925
4 172.33887140281166
2 158.10403317107063
2 158.41038920025724
5 182.07854038171934
5 174.77835502053102
3 161.03698024836598
2 163.422522980648
4 161.552868699278
6 182.7317749827881
6 173.02424585313463
3 171.93542352861425
1 157.3398471157428
5 167.5027349481281
5 161.25830952202224
2 166.58218947059277
6 183.48486121212642
3 176.91938042858698
5 178.65217507992708
6 169.88583538058168
2 173.5955840207224
1 163.55561103546256
4 169.61077981748534
1 170.32749869611627
2 161.7727794264397
2 170.89218063346271
5 175.69808844357095
3 160.94793249070537
4 178.89221506489108
1 150.6125421247345
2 179.16367141726192
6 166.95527013046944
2 162.18019639640917
5 178.25190079115848
5 178.20853746938744
2 166.6079884729304
3 172.4237321768851
1 164.6410695551728
4 153.16558155119355
3 170.2273758246758
4 181.68374836603974
1 159.27160338625012
1 148.83937442771176
2 162.73855808798263
5 179.247322336006
4 171.62080285439455
2 169.48738732665547
1 150.3650999449958
3 184.3721311592432
2 158.37686945498075
1 153.13877261860495
1 153.93008232947486
1 168.0529147766721
2 173.4145684372563
2 163.19753930707128
4 164.93210194972607
4 178.15495784749154
1 147.92073209450692
2 165.77743014815587
3 170.1615582169297
4 171.44805558769855
5 180.27502477948823
6 164.38062810568488
3 170.7405739171683
2 170.3661002316919
6 176.7752941413041
3 165.41268220385967
4 184.74105105990367
4 170.14594128358704
4 172.76056919709364
1 154.3175957428319
3 179.201111198496
5 175.001792774288
5 174.14470110592663
2 162.51402739695178
1 163.03909228535375
2 158.40415784756107
2 155.30729188896936
1 143.51812507141173
4 166.92066714588935
3 159.03991841692422
6 185.5067455407303
2 159.54345373528457
2 152.38447466501697
1 151.2020855069558
5 178.39470306312757
6 172.75714327698006
5 184.0995653135789
1 151.52921164676172
6 162.27316024064166
5 166.43782620646775
4 156.62175706580913
6 158.63798504961994
4 166.93939606502366
3 151.57344213560194
4 171.78455395668053
2 163.77744876872464
5 171.2623315674775
1 140.77852718128804
2 167.210466728839
4 172.8424263599876
2 171.06013405601414
4 182.05117332338244
2 154.42920164949862
5 169.7659742518623
3 181.36670528423707
5 194.65111791496437
4 158.225909741721
6 182.17003574996247
2 160.23750731148382
4 162.92440763283454
2 164.32299865757528
2 176.93052446853218
4 171.20705766622368
4 164.3959906918255
1 176.32442610254785
4 146.18337520483337
2 151.93027038711884
2 163.5400065780092
5 158.00813214338604
5 165.92103222075107
1 148.2320688477519
3 159.92511203920074
5 176.1718322180805
6 162.31802664665142
2 168.58340364181547
6 178.79124094787161
1 156.43780120288113
5 176.80563726266521
1 153.5857443683143
5 175.91235393580314
6 171.12693574953923
3 174.31372914433956
4 168.4155091137866
1 152.2886525399956
1 156.2086184991994
3 191.05106063189416
1 149.58832864010526
1 163.0463999058261
3 163.47927035344344
4 169.02210046656705
4 150.0297150962479
3 159.76615001562854
4 165.9163503244583
2 166.30911159871823
1 143.28685674616534
3 171.9596781041006
4 172.15214703228966
6 189.4269270361572
4 176.9947103802286
3 172.06634804977347
5 173.65658941645373
1 167.52386203443228
1 162.161237858732
2 155.1989848819955
5 175.45627485537395
4 172.05605295096248
3 168.13276560227646
2 167.35830468348593
5 159.82003736667613
1 161.44042703780127
4 168.50481959229435
6 179.60218173440876
6 158.75817397087806
1 155.46854571799656
5 173.834310543579
3 172.99629631048666
1 160.44971910143505
1 161.1262856575549
5 190.5355649791793
3 166.4648568287073
1 158.24122586758259
3 169.9732831072267
4 161.5082764518551
6 188.84872824337137
4 165.7417726956186
2 159.71633022839154
3 180.2539986465666
1 159.20370538201712
4 158.71969542045463
2 167.33714122192757
6 164.3648948704707
1 152.2353327385654
4 176.15890079719878
1 156.81180453421277
6 178.3668413636793
4 174.8777042904374
5 164.197592357235
1 155.6159547967245
4 156.03093445320553
2 175.48746315991167
2 168.41460122633876
2 163.53362286036435
6 160.86799451397118
