230.85707397409496 20.134578556514448
219.94688162948108 24.543223601195468
226.4120113165364 20.354751961369132
231.39900059852042 19.73472644598123
224.4925895911516 23.368975456480026
229.48091696697597 19.23182979390054
221.24240163962156 24.68517445955504
228.22048943037564 20.804712031154523
221.79657271149642 23.91847974017413
223.43876155966058 24.7148237574541
217.96231720568935 27.760354677638475
227.69096565638452 22.723657414291612
227.22255181188467 21.688938569222138
222.02081202151822 23.757151056315845
221.8724665668781 25.362171999140557
219.39688510353642 25.49946151715246
219.24355682248057 25.097632131638903
219.64912697897162 25.78939327428148
217.52246738777134 27.00236036332588
231.5642199383886 21.238089543511297
221.6960063364724 23.953325409116758
219.93878371642293 27.448785819145105
223.0036884561519 23.629906741792176
224.77450359563773 25.70816078947138
223.8407621564975 24.57063386695409
224.35822853306058 23.32127119860623
217.16810433195727 26.548698733994655
222.18857403967317 25.279460336610295
227.54681631941008 23.23806528378512
224.77033652227047 24.43493475659436
219.73047072880195 27.080917361323085
225.43997337738512 22.8929982054425
225.40547209699017 23.141975406390525
229.2362003332441 23.098244100818015
233.34714192159444 18.194443006919883
215.60398705960392 27.087339297248366
224.14100016535178 24.70774251131951
223.78104185993087 21.827723876213128
221.79808049833125 25.70784040614205
224.445485466845 24.451404705688986
221.8131220623543 24.621581811280095
224.09059340389277 24.241221309815266
224.03507653471988 23.96070804500644
219.8049252289743 26.129017230062296
224.0497552437204 25.014480046869753
229.04870027705817 21.781785361950142
220.87909587255558 24.580849761375628
225.14126226131637 23.420918898812715
221.3030987717281 25.106716159457953
220.18301019188442 26.29575411436723
221.2509823830923 26.36929077490905
225.24381384006443 23.91665128113611
217.60863610179572 26.89547496114169
226.3177457969072 21.811395305924886
221.68577831160158 24.92358092302999
216.27899987894924 27.64471682269292
226.88104396695545 21.657620756029118
224.23319977478388 22.369916763344975
222.17407213867713 22.974852890156658
228.75005183213887 22.150501467469468
222.57359226024602 23.67779517329787
230.11989029143808 23.171321478694303
214.2229727089257 29.533199905677186
231.24566078555011 20.956969459210445
217.36034797801045 27.73503704303039
221.8615691779026 24.176792361750145
217.0843155016249 27.53057376990856
226.7075522038615 21.983056282972477
225.14653576496625 22.1365676125277
227.0152222725354 22.548258685263583
222.03015627483677 24.628153515317713
227.62507741604895 23.013359739264814
225.69313690831672 23.236774048862284
223.63018511876945 24.666301394487377
224.4263160608569 24.37661904739996
220.5002360290054 22.865980386810648
229.0349916048996 23.88857068732786
225.16079690304932 23.225901812045276
222.27322956609208 24.50098576433924
222.64718245819913 23.28081524155721
220.0318511208257 24.584809890686785
224.1239494936687 23.484686181192608
225.3999962683235 23.04040621724307
228.0001730360276 22.2817706633091
233.17684226431152 17.74627404582821
220.12855656513545 26.53367143158587
235.50534602324174 18.431129261603232
223.12900571061948 24.004662380591395
229.5242515332855 21.072740486019857
226.26459862061304 22.500418590345774
216.77961531215507 27.41852699172805
226.01486264847625 24.305061650182296
222.20758588920762 24.00751788218277
225.8994724320154 23.25236583290713
224.37036563035457 23.60874435656439
228.92861815158273 22.029071172608365
232.92931407660242 21.01314741591353
225.64750113677005 21.404968375069366
226.1669993706128 23.32080251594774
227.45149417153723 23.39974677838124
221.32461006292976 25.91600102083539
220.96302134295885 27.264848628223593
215.67089655582203 25.73910137110485
214.42285955916776 27.21186231195626
218.1880021866393 28.510552839433988
220.84647359551843 23.85678535309184
228.3249878870136 21.296558493705387
217.17789396638028 27.82996799730765
225.9368153729612 22.526572025999826
230.066641807303 21.26647250623013
231.25685895656457 21.124808282181853
230.81292615724493 20.911133583872264
217.87967075596399 29.16646223831401
220.20161680448913 25.34626865082651
219.429087032047 25.687924433736505
224.28869175290598 23.933885300512454
226.99709074863625 24.388146893596907
221.91640340958546 23.49194336870403
216.84574923881095 26.361226742941803
214.97799881129257 28.763183333478274
220.39475040545028 25.14197585866812
222.4433882310466 23.084049136273926
218.97100574325327 26.81480006819758
225.9095556310299 22.530175756376945
231.51326785168612 19.11208508380612
221.18992671166802 24.869484220892335
209.83662145909616 32.23622393557595
224.416767399646 22.5685047474571
233.4537903216006 20.226619179935394
224.90321074903625 22.8095530083218
222.9317326391158 22.72962283651437
226.81620641503926 22.195718993883183
224.1391345519728 25.050551542508664
224.52219533912697 23.892802189583524
224.09095643917613 23.04129824425049
227.7718454875382 23.779631443138456
227.12906206588323 23.376931715935903
218.2870881346214 25.502859694284698
216.30055718699973 28.597413040838468
222.28145471630748 26.091171600902893
218.93105031151936 25.665595670967274
223.8366743267488 24.89173230940751
223.3855338232934 24.348655544355008
223.15180431678593 24.41785818365023
217.46652065841977 26.866384267313205
222.0477101094314 24.66742039470518
225.1874301361009 22.604779438595198
222.46225532552208 24.229108699189634
225.38756071164946 24.052818484288085
218.46711655622573 26.947582254335888
232.72077177906812 18.39698970486058
218.51690084958503 25.386379539398295
222.24461995274268 26.341703155028668
222.79438334364227 23.663222571812494
225.86446005655347 22.386034313080568
228.71939075834126 22.055502199039328
229.66343757923167 20.617823508925316
238.43075509985772 18.24543944391573
226.24278229238527 22.79207452066193
219.04318545493803 25.163810917414477
222.0098406431393 23.90740742227154
224.0853751903147 22.94639320861302
226.47046515103017 23.747004480054475
219.9489325858253 26.919796372377952
222.26657985605289 25.841214266418906
225.62381374850088 24.30109221478194
217.9883879340737 26.435367952455525
229.99269119412344 20.515616441637647
212.08422398530246 27.15664793514061
209.67801932397296 28.055654884198464
221.44904849167992 26.337155918739345
220.92240741866678 25.57118387838812
222.45508292163174 24.553336405801666
222.09334932676722 24.523804891948085
224.83799119086092 22.24172978855534
228.3955613601836 22.845818331227317
222.3432580058114 25.439662274583437
219.2935809075245 25.39838440316151
223.70439000184768 23.78450889913603
220.4997494349837 24.71558385262206
220.5890550684823 26.366704987558478
213.45136311599182 28.951934955090543
222.10660098439953 25.464380543067698
224.4772772986278 20.717635398869955
226.04129265209525 23.276427964845347
222.9253558475448 23.841665201838254
227.09146685189336 22.031783834490227
232.36650197957738 20.69187892053464
233.34850887603181 18.83495081958743
214.52741499661275 28.849563563323613
227.26426489672255 22.424816294009567
215.1542093150964 27.348403116267118
226.00826832704712 22.75768873055233
222.35311392950956 24.405972954501575
218.13595179596146 25.921927810070613
216.5818252254061 29.033430306926498
220.8175672576293 25.779887652593985
218.21756948673791 27.27840610139068
214.02368125023884 29.291446091884907
223.650620357498 26.223021680307664
216.51734103836864 27.287268289130438
225.3135522864884 24.556256385973295
220.92609203619898 25.320766620681486
211.99535114940886 28.363834426578034
225.68374242161988 24.25516736962635
222.40131173737905 26.726340763675456
231.75042155258106 20.312268749003437
210.2731547079341 28.141982019157723
219.55984100457434 27.013644436180872
223.72608379048847 21.77676657735977
222.49178842992242 26.220905583942557
220.83790727220273 24.482590364800103
233.26245879964074 19.753895243719914
220.74877327629653 25.677004087558636
222.91742562768093 23.88670437499277
229.4608252671156 22.57344907874358
227.1510703758077 22.330506323378778
228.6973967974848 21.692873565889364
225.73103162221616 24.159993874930265
227.73299683489122 24.05561114944788
224.58968250111548 21.819925480311902
217.74594535397972 28.07290688476619
221.50011977702235 25.378233721933803
219.14794812812426 27.077721478948288
221.6530288474256 26.43412653804049
220.78508697916394 26.466594163269026
226.07858587774226 22.16137204622545
228.12483371044718 21.055651560849928
219.18306843819258 26.76902134479967
219.65024136768324 25.179026784319493
220.89392609297167 24.194919004259045
228.44731729404668 22.49572889286515
222.6119553066122 24.360274248256392
225.93549958312926 24.836065231606288
227.142250045462 21.90887199640981
226.82861076073593 22.458443777653248
222.73933525975613 26.37549846941922
220.72401074201915 24.81781796606627
212.72006450799546 27.438436774275974
224.97641546776325 22.68446214538103
225.1323486710382 22.173854806681078
219.43953801940538 26.604541233471664
230.5141282015054 21.552043636536382
229.63858396659336 23.11169546109011
227.8246191676183 21.172646233344267
222.72180101792253 25.086060556427032
221.10921163804463 25.622170136492958
214.80384692937926 27.1059948341752
224.759797355171 21.163313124074314
217.4715252054925 26.760625222912857
214.4518405109474 28.19332197489073
218.9003103547873 25.83249790838332
221.78323063502648 25.044291555595066
220.2248621586701 25.638610861195634
220.22132262208 26.129607171003283
231.52013734491877 20.68577275457515
223.39068681659566 22.903332331646567
226.15916752894313 22.087799146579066
219.1865987688073 26.595057517319923
224.33619196662653 24.862619211778718
229.9807599167424 20.603190045083622
224.32962630423063 25.551048670168633
228.09720326709868 22.762430261668015
229.27407110281186 20.851975199614028
226.72526334662885 24.108240731039814
230.76378604729152 19.972387254377978
221.89544250945562 25.196940396565054
221.4059461216297 24.603688687235888
226.2710281554906 22.462267926528668
214.22969086286713 28.612712222998553
220.59745473694844 24.6097689657057
215.59258697947868 28.68568607331086
211.23289195468823 27.793686944748544
222.1065042952472 25.99030349155913
229.07588265287188 20.36330421808697
221.52278653263676 23.377433428058264
227.46198527552005 20.749594859891296
222.6909365549708 25.522572214925635
222.46734489376087 26.081597414739203
218.80797963034365 26.56730608688373
227.19855504779622 22.270569794839844
230.125010881991 21.680009344941947
216.3888708840867 31.41873758153693
226.27530233901388 22.943848286395397
216.05947668262831 27.4982486457858
220.95980887372338 25.891074396666774
225.57863012289684 25.088103828990484
223.9102568083258 24.430652943270715
224.79838125107497 23.337704909756017
222.5171806115656 25.671866106843627
226.64153419430318 22.0064590960689
217.42352642684713 26.73000544458176
228.778558556241 21.679744673902107
231.40166071599492 19.71898581481384
222.7201597307811 21.784978742264933
219.90970721388612 25.361446818912917
226.21705594922793 24.652430564638887
223.74381268512525 25.49212697945455
226.68467691459722 23.682664956768402
221.21901948589763 26.552029856756523
217.8456727253345 27.13103424239427
218.05132136696784 25.975488948405534
215.51314859104963 27.11560680501284
224.7232428761333 23.455054821982483
216.85811814099407 28.59763652118754
225.07587142275372 24.42691117534966
226.65357352120162 21.963885239160916
212.94601259057197 27.84805092879884
228.69417415523648 20.64092327208312
226.82773724959443 21.940832722612335
224.2449071551922 21.82777467493699
228.80189176950458 21.656542467969544
227.48989671165668 22.485760879852094
226.93811375022102 22.427008034622013
226.1139174841213 21.31948995927689
217.89729526560401 27.34956864067618
222.7150871868463 24.187721799559874
222.3012712509688 25.13983296710615
220.24233706207636 26.07215832362001
218.27556210716182 25.991296720828103
228.32932319875863 23.034222289009183
217.85966509628702 27.485190322754736
218.1072563945319 27.263334447800833
213.09745738326868 27.568494217913578
220.39773566471396 25.29226895433846
230.45036480053005 21.907542046214196
231.32585705362735 21.832477893242825
221.48568639062754 24.699613336837604
228.3442412710312 21.94576474394351
221.6943246792179 23.48441253167518
221.37584855899607 22.099576687373613
220.34251215420966 24.463477907781986
226.26468477214058 22.33366697986044
221.8875848939258 26.212458876468755
217.89485341814182 26.921668530829972
213.58795752165383 28.614943913420973
225.3819112231114 24.13415941239179
218.64563882435579 26.588128432958293
224.57834502091964 23.572017751404637
223.92938370990726 24.3696377281942
224.59305705729417 22.540424927923276
218.02089795633134 29.162535688045686
232.02419394132468 18.79275223934291
225.48999147192285 23.841783990461682
226.80014105283263 22.743170538970528
218.30841902924345 26.212492023882152
220.60457089132643 25.51522483621796
221.61067999200762 24.784858500045583
228.55922522822618 23.098293284407166
216.93244549993994 26.538332588892224
219.53760117630918 27.136824139630153
223.27177432242354 25.698638888712576
220.6296244586123 25.390267019996436
216.78757398053511 28.452764448901977
220.61064317734377 23.813028550864242
219.1437594873433 23.610629278498774
222.88547497775156 24.469398591026778
225.02290745223908 24.964894980696492
221.81610036657193 25.678227906012015
224.48065149787217 23.433144464391265
213.01914045154362 29.770140827812078
220.49491313698533 25.44223649218783
216.77810287843508 27.38714492395907
223.5500188183557 24.084216422842903
222.73918099158743 25.517973111299252
228.10065771384225 22.77438411744207
239.3191737091392 16.35189056865099
220.71065595499894 24.26174873069394
224.9038768449375 22.724792187702043
209.07429992621246 29.271682557132294
223.75577439684747 25.020709290056285
214.9992787346595 27.245211644583982
222.0199488254516 23.97499953326103
225.64922052967518 23.11616801984927
224.31725779551275 22.948268854151724
230.65891252716224 20.865003681630675
229.27586613892635 21.02495018092331
225.6749497438127 22.387511845882678
217.9841145189749 25.81023127211039
222.68567388893723 24.211427409937116
230.22231972390878 19.85577830233776
218.23118939054996 28.222663642124854
225.29743905318333 21.295442864068228
225.5716854830996 23.39578788556421
212.16595645689043 28.770670300859372
223.19955057427967 24.97801869073809
227.79531697190703 22.250036019833214
228.09405752932076 21.862100540766523
218.35969462191733 25.400627652906437
224.9376908344253 21.376223060044797
225.9450720075937 21.818100494404998
221.40740623558617 25.544519771488783
228.31063879023407 19.881992008784028
219.00072478413387 26.14493938657815
220.36630860714902 26.385221105296676
212.74187329085112 29.27986898803558
225.14228219244896 23.39080688327795
228.0125020167046 20.761898564175567
228.25064234380656 21.207756342067643
226.4895778996065 22.39490776171812
227.36497737281712 23.161542398106583
215.6417117219928 27.437672060042196
222.4460620216381 24.29879351993799
219.95868034185878 27.606694339657608
224.65151020772518 25.19116321242787
219.7470041237071 24.64458104454789
223.4385346809802 23.512301981058748
235.01013900386553 19.17164791295896
228.65742243043348 21.527651335348015
221.3625954091238 25.001849005324964
225.10597818470256 24.24710849319413
222.12435630077272 23.978218298548743
217.64699199867354 26.620066481411683
226.03542467800708 23.419330655065856
222.676057143392 23.815507625966287
223.9555980524394 24.471497067202
222.86050271189478 24.48047214431079
222.6084766272082 25.43626716510393
220.8884266079974 25.441619095255582
225.2503296189164 24.052186401203702
230.72106338676764 21.546321676940416
225.41082828971795 21.676064244410096
226.92135518894787 24.948427650341635
218.46326658961425 25.264630815295053
222.33014671722066 25.6720517459687
225.42875211425215 22.710161563941462
223.22690502175837 25.28647508874372
227.30437046016218 24.918497406240853
228.15149679972126 22.360855917876627
225.92745189069205 22.62098732302095
218.19353821417545 26.63588019023686
224.8986040475425 21.984422728593835
220.25157703425052 25.14503396653628
224.22207983622434 23.47864087471474
225.25708028956814 23.390778395765167
227.6149161938479 20.4348280881569
231.8155791606785 21.834349163959928
223.50560271171616 24.755689509195967
225.73455362845135 22.30001856026566
224.12567553165331 24.611782786832183
224.95621888141767 24.525959302508664
223.50515762998072 24.15820150932875
219.02996246538308 25.697811930143907
221.37667237903528 26.817643558950103
223.8072639150438 22.889225900617287
224.91163868756905 23.24125331502205
207.96612751662494 31.545407386266312
215.48701395186438 28.27618149276833
217.6371016200571 25.174655560242844
224.87869661524786 21.88955692435372
220.85344462615586 25.477078444578584
226.34358948263682 23.582236958026076
222.49302625565772 23.653865699466657
232.35208296457088 19.470209068987394
231.81292189173243 19.873024579389877
229.20777821588956 22.638932913195084
217.92759975474374 26.9475158514669
227.03998555246045 23.22387192446131
222.12667639971417 25.008503277711544
220.57351338299463 24.158489622571825
227.68565512217504 21.611431747240168
230.11361391726496 21.74212299861316
218.48733381456356 26.154528198496827
221.23127218888595 24.17930092479075
225.3119224131064 22.76098987566801
231.4706620115802 21.404758789865124
218.6051421701632 26.250914605096032
221.25672494125732 23.44002789833587
228.01408821300927 23.048149571929716
227.43423396273522 21.831943117350225
228.24631630019118 21.727207661105897
228.37149449572712 23.793177183406815
223.14238556327194 22.746946713259735
221.67149849787845 25.56838653685109
228.63640834702346 20.58262099004024
222.1416081263635 24.929799013699036
225.52499995748343 24.123039974877514
218.10646768477574 26.050099089463977
228.17804957473686 22.38962980849327
225.67590171837335 24.280876638790307
223.7255343015422 24.528704463704063
220.9050537510475 23.828065907917185
216.57274155907115 27.26026258072864
221.74879670203114 24.174180295561996
224.2363819794615 22.81133303465213
223.54732590624204 24.034068071672188
217.91255255207406 24.169791043021476
230.38430042146166 21.320812854314806
209.5532567399334 29.882649793525545
224.8735012082402 23.220435088195053
225.5114112000685 22.152459356707293
223.8521912427963 23.861715132795396
222.00090724441742 24.516098995045915
224.3611586765827 24.668357527957713
220.19799786930116 25.12920218346503
223.7532827975296 23.836113072492054
225.20350325087668 24.06559666108139
229.39047243503498 21.312031018010863
211.6212421489882 29.329688330625004
224.6906645415295 23.34564601134219
221.2831398384566 22.517335135603275
225.40515912605218 22.88139056461625
215.1264323412068 26.916426445284994
218.92764835904603 26.765024982132758
226.39302174754047 24.367937454245
225.70009890403765 21.670783677002397
216.41862643797467 28.437926095051964
230.71619771799422 20.590224050809308
225.19582110214856 21.736118388400104
212.8503043895181 27.619606462021213
221.01528303115032 24.642924160685293
221.66059230008767 24.385398983574298
226.9453625508607 24.028734865950074
223.9757657477831 25.992625243279132
219.6319987418215 25.259340421437567
224.79370542013797 23.123308929602544
228.61598534954013 21.108783809808433
229.66921131790195 21.51298392200684
235.60598742029146 18.159880394248287
222.0467116925514 24.88033911467754
212.36435265686396 29.701499622745523
225.43966816201174 23.320657012022163
214.69583527908142 26.401060288241293
226.38449865405207 24.015425875605743
230.59698439348824 19.953526041756678
217.75531380230137 26.366592202195818
212.920985509654 28.20188383603937
227.88627575311014 23.82406310625682
225.0342399236638 25.109289882167683
225.12302274519385 23.548750643742764
222.2186700095211 24.846548387913003
221.6744457096707 24.74657207530501
219.8022029159383 26.005855152810213
222.49233368052592 22.975045099486508
221.46495351440188 24.090475014779543
212.98006734557026 29.301160252044305
231.69791769438172 22.886165702502787
230.4469052535127 20.046684572240682
229.29692359354928 22.651354386689484
213.42885772273357 29.49593676864126
226.19002999144348 23.04029109577683
224.46149079582688 23.705786988889084
230.9771731317711 20.301052714872682
222.00627177220116 24.7533864053794
223.68325685429542 22.143308936077027
230.00715385814433 21.395040755379146
225.91418009762364 23.20020578651181
221.93147946979542 24.406395900709715
223.53866583738468 24.217995861307298
228.89413051553095 22.01994521548501
223.11292736615403 26.333984704233952
216.097456672441 25.989047715806016
224.68435276870596 23.32180352375182
214.03197329681208 27.99402678624761
219.90081263063965 26.876779454118914
220.31491351657445 26.60658958491516
225.2110013610495 23.091971112661994
223.2734783278355 24.627178249398305
211.62343291919785 29.74498049530974
221.81463918443302 26.718238124178185
220.0019289102218 26.84343413348509
210.7832032951584 30.633400963886974
224.27949020023163 23.467008939733006
222.29532664184995 24.342584958210043
225.05591554916484 23.237159099990407
214.01599649301687 28.133850629490997
234.15760676032764 19.345583096807452
224.27784340567985 23.267279353146108
223.93731396005407 24.066395376393917
222.03622493747713 25.63807635698309
218.34779197960955 26.24963856372727
225.41289437897578 22.93776491503354
217.11814020219154 27.52351337528211
217.92904326822554 26.104658062589692
218.8286113082802 26.0544451477605
220.67373128837875 24.84518741725244
227.08499995454397 24.317716501444693
221.42269687065436 25.555788678068936
221.26716124396742 25.18090953477214
228.64112350121357 21.82304089442903
218.6488224514792 25.48530738605627
219.92053704952522 25.667009526873546
226.7445019927843 21.19492582217815
217.46727407882753 25.81094590448293
214.79935234535296 29.368914548898182
223.5633744492391 26.04196348669838
216.40727794128165 28.614540836961332
219.34294043388525 25.512512551177053
217.69823352468268 25.68080061151191
216.48638108094167 27.448012981631386
216.35446310230304 27.02642157949245
223.21530586500256 24.90296320315849
223.62630782119885 24.356322445326832
225.5573906788961 23.135047939094108
224.42730796691632 22.631849160267407
219.8779974667157 27.691223365638482
222.66314149455778 23.70549000070601
229.8167361634183 21.07848246041206
219.20978182631248 24.479188227118428
226.45987267409302 21.608513430244724
220.5654766379661 26.067644607057428
223.88148347224586 23.81400984140152
222.38231499098626 25.779490808173367
233.90208365987607 18.835163672783526
226.5914610817183 24.71343664160733
228.10960170892605 21.287888297612497
220.61893925733145 24.74028971731179
218.2023854428675 25.796764851426907
224.07535867817512 23.20175444887031
227.41581930604016 22.44908652184479
221.36763899384394 25.961853824812252
224.69372813896715 23.818397782149223
228.4088033675763 22.47601104712359
222.82450746454145 25.36253345402455
225.68480923442098 26.15732380214435
228.92837006728166 22.851588511046423
229.46640001238924 21.48395442640863
229.5534441245308 21.385649218078406
218.6359462943992 25.66521297123862
225.02000338073984 21.755958829442868
223.75320038875938 23.19792779003304
226.2876960890556 22.042641840424203
232.63355645576826 20.78559691143078
217.36427844790364 28.672888130230664
221.5822125005921 24.172414072429863
218.11918812578585 27.08456769605415
230.27285679281795 20.43154262285879
217.5807085390047 25.53429715815019
231.11359814683075 22.414695786218463
221.47366963690735 25.54872299511779
222.96176300401504 24.253524047825557
227.978055235092 22.53033745249811
224.52775454790677 23.307864467519284
226.95497563657477 22.230483687133866
223.33483427473607 24.380156563907757
216.89550514094893 26.723672639350255
221.48144125150898 25.087189127914563
216.99312187971884 25.748633279232575
231.5454362584422 21.681368131830954
228.14647672959106 23.906983009078036
225.05584163649084 23.282493035589788
224.66717804341707 21.58030912326466
217.82369306966223 27.41737525631339
222.66200946836375 23.110866897371995
226.67392099801563 23.700657335115682
226.31726004505168 22.78059825565939
218.87476047834858 26.26285005755518
224.9875663597426 23.032395795379106
226.1291003102811 23.22672289098687
223.86412058984556 21.779618707709247
229.0644459142169 23.389939732886166
220.41521342107586 23.909333170561123
226.00238258208262 22.46495010253835
218.6568950399618 27.52547018287284
216.3854529814941 28.01910458252507
217.35341519817422 28.366632853199604
225.47397596259043 22.920456683913983
223.97261007761193 24.474658182064953
227.4610346759487 23.168123352979794
225.53821220389935 22.66080454438156
225.7964231995602 21.66990304240921
228.3470648421525 22.818233644499237
229.7182944817589 20.66936978258931
224.26446454184952 24.63360983897703
224.41723831754248 23.21671769214796
224.5585848765383 23.67245029408972
227.7169860662404 21.525205212283034
224.8069876616195 23.797055866849373
226.74643918405525 22.54343684349439
223.60681843565007 23.953423255587214
223.17308064122386 24.231154601719727
222.4790113614714 27.500496555769892
218.33368502674128 25.16125463216177
218.75590636974212 25.458141205442203
223.61763374959298 25.524591956854668
231.50894384634373 20.73324393984001
210.69793167143183 30.220136071985436
216.27070631597297 26.792302327725494
217.43581664007442 27.241863762411985
220.17910563457733 26.375249870929004
225.28511698053333 23.023330245793424
223.76100023240838 24.9214387490714
221.50379276845277 25.931782895469283
223.0092644450641 24.57854092215866
227.5055996721782 23.67674528425828
225.6189237883056 23.186809368221244
225.98685748370934 21.33882358877023
230.65029551318804 19.478340957921375
227.28361944467954 21.787018954193766
225.48278953130938 23.064283419940722
224.1995402850559 22.9217561866162
212.38940079865583 29.485001700023044
219.75258054448656 25.07563587697273
220.162009827293 27.65504942040619
220.226030650476 25.886918530542417
217.81236000695634 28.224652616802075
219.2083037514572 23.271352749168265
236.08781192677523 17.278477431136658
229.8117498851638 22.014561923114993
226.16017809753643 22.639921759261142
224.4226123006613 24.946388547426963
221.59843369950678 25.192240565590478
227.6598508591692 22.297817202719955
221.45037242881259 26.518260145994194
224.65414845557194 23.42685354405995
218.73847019543473 25.155826950405036
227.8270945685277 23.13143855946705
211.93867234125292 28.614525944141683
228.75942854642506 24.261187593410895
234.08772500083896 20.316121412319664
229.63891088654944 20.76935800282682
226.37605508430116 21.487790258006058
220.32500997434119 25.83640145977747
234.09940158731797 20.107410775312346
224.2982885047604 23.53930944067651
216.64431228332427 27.78279952608857
221.35355395003305 25.28918537056463
218.61452431174405 26.393886030127703
215.53591139046452 28.176015107669777
229.93641832463334 22.14846176868123
233.663778761445 19.85845347786651
225.72076737588057 23.620164572203333
219.4584933399574 28.147693699907116
227.83255513065996 21.87805081652347
218.72755127015324 26.82617315041737
227.32857618522954 22.503561828033476
223.85380944052727 23.719710523721602
223.50940173049656 25.472608136644432
229.39380087381628 19.85850149318849
223.22050311979905 22.93757792083605
216.57162834886526 27.797649347737277
217.56963396942726 23.426207467206932
226.718176648622 23.97803265458264
233.007278050872 19.396428659568862
229.17811575773246 18.779062772581067
218.00237041076278 27.085750025644682
225.8677501015348 24.39956786040344
227.73678122210518 22.09021655041002
230.8916869590714 21.48137958850882
231.24393716910964 19.759067772769004
224.32834062762302 23.25351049546269
226.93115811699238 22.306701132686428
221.22490408340497 23.704065131528374
224.9733212374774 24.58562594579578
226.84382394867913 19.411345358056593
215.71226759929868 29.67226762272815
222.00639891222386 24.589282365476997
228.88580560805235 21.86689069381428
219.76455835014565 25.53071291147293
231.91542039164688 18.852342507528466
229.36372715348602 21.118404411692183
222.3778989463446 26.533848930154186
220.1226837701693 26.466597470389623
220.629243110204 23.860397538554526
222.63042791904192 25.69236005248483
222.2886555297346 25.195541562268865
223.9582159303841 23.919435695038914
220.97056048683567 25.348379843457334
212.69113732514424 28.452508481579976
214.11368069453653 28.568039304559772
224.45595873293112 22.81172142477012
227.1493018929136 22.85463499311049
224.3217523474038 23.328022893303068
225.769725379335 24.164174933507894
219.38790511036908 25.062661019491625
228.01843472500659 19.6166355462274
209.2427929598076 28.565047783164808
223.96560998051763 24.026872550802658
225.5046593170695 23.256525174442658
231.28064179199646 22.24015334677894
228.32440271392898 20.69944381604271
224.4729294174435 22.730511429314017
220.10320173425362 24.525177701102027
223.2665804099053 24.751436561418593
222.9246992483835 23.08149220388207
215.09470677301928 27.045388019038143
219.43103459758393 26.723472173317397
221.33458643185287 24.84886743777388
222.64747265925595 25.60908024980699
231.3227402607104 21.01584592954419
222.31177580064542 26.080363023361436
225.01948758451255 22.95248724685574
228.11852318507164 22.222081970599085
216.09750895965306 28.053241004299334
223.76710103769742 22.007707769688007
212.33125515017554 29.22737688014007
226.6447118249853 23.304167296594905
216.0800689664319 27.039070929199152
225.72100764133936 21.468216699614707
223.50868430555101 24.295742632066833
226.64316534877975 20.091218305459023
224.51338980256725 25.73906845655906
219.77961378695997 25.412317225857414
227.45630232948304 21.500779431744242
228.97876386598938 22.186066952918683
215.1932437491946 27.90646154669124
216.10071984324108 28.393517010462777
213.91263679828327 26.473998728983
217.01632576300997 26.140636032836706
229.54733534479877 21.34471991984649
224.8716850473268 24.5886109896112
219.295095530761 25.354573562860047
219.08328440306906 26.88008174123737
231.2426446169519 20.87513993685547
219.68930931419482 25.23861622928239
217.74198513006837 27.425168046742925
217.60193432865393 26.45353447997554
216.4289717790208 25.253521389122607
209.99059240833148 29.200114777442778
223.96252251806519 23.534857707826557
221.4658056395973 23.863736538077326
217.93759928410086 25.449802921622638
224.85517378491895 25.616787859109966
221.7837621380083 23.408544896386264
228.95232235669735 20.582851521030346
225.60566344537736 22.666996775478875
224.7490564193301 27.11775142669703
219.0440047051901 25.458406915541318
224.86180996663 23.442050093654647
220.7061763508064 24.606265385152444
226.36549781492744 23.92131685825643
217.8089722993808 25.435361615917106
231.5630353476186 18.9644425408963
226.73771614265993 23.084642710829502
217.79967175486317 27.42904631060413
217.07400233338265 25.81415159638145
216.4004760048152 28.134990368222304
221.18537064683298 26.25258365164865
219.2025739871069 26.647941302978534
229.98171659286115 21.078823154938508
217.25582235543922 26.516468055112934
229.5539370764223 22.13649534715774
220.39256403412918 23.638813697106013
227.20565803917125 24.12540417189762
231.38718880221376 20.992958878694736
221.7397956539292 24.040206640966808
219.49943643509084 24.138625338915567
233.62937751619705 19.505010930817072
234.85618123392288 18.904977290679053
215.66263442668898 29.54386275247242
218.5425150355738 25.83941352759486
231.78894552661208 21.889420836961143
212.90053137983418 28.83016537527343
217.78030466564005 27.206498780635666
231.83027776273292 19.79706976122698
230.07932315312624 20.15082704224258
233.5044729945632 18.722909151987743
220.80677861123297 25.595155525420353
216.62568296664867 28.784633114645274
217.90690630640503 27.22823117580266
216.6171804299459 27.277547077070132
222.79542162191413 23.984336844688634
225.00100995532793 22.230695013038343
230.66524925566586 21.074996140808143
209.87145567248132 32.29199371148475
225.86528125197412 24.645330989783513
221.23156485907282 22.71874318611316
220.42749996806106 24.167033832962264
222.61905122292913 23.964279313893915
223.350568757326 22.291285871678163
223.0880251238894 23.778257724499873
225.49477594904855 21.405391205401035
221.5309260975215 26.699060855402315
217.40200562671797 27.58487955953907
229.6281227453565 21.317062141532073
228.33538295010513 23.00022040225602
230.68053128340716 20.469713145512173
222.75527919664066 25.25356004486807
219.30206886870175 26.008742178688813
218.6053887257559 23.826734626050477
225.3364237651281 25.038707736403687
221.17842355742624 25.2053357689374
220.45113829164262 24.665485914364957
224.09879473638287 24.933144136151824
234.36895720444886 20.068918661930148
217.64886866408344 25.202232991656413
229.6381482697701 21.655502822465124
219.54327000843767 24.74184690602561
219.45705070147466 27.183128260285947
222.33985523113347 23.126438441228327
227.47097564861915 22.6204222512731
221.78691233075074 25.481716823282945
219.25195397544695 26.992278466971577
215.54364001201222 26.69573038216498
215.97354840067405 27.01385735727778
219.08230818943773 25.67632327061006
223.24091706473934 24.773573585930095
223.82908401630516 24.192493292656994
230.89254675750956 20.48097990951141
216.103483178931 28.39105424311687
232.22450173357524 20.359849874444947
226.9278996255335 21.850572739878054
224.17510310081133 24.441500942922417
224.67560906173384 22.982242761478673
231.19578801324832 20.805984625815825
227.795671066399 22.575213332415817
227.7205798656288 23.16239925425986
222.24917527688638 25.511534844875847
234.55225177473739 21.21711454892464
227.46951254416211 24.066210358639704
217.0571233380445 28.510131805748244
222.6731240061292 22.571443417094205
224.20601722868741 24.78365580933048
220.2895130235779 27.548257720813577
229.22581757641836 20.170005438597403
228.07380780315611 22.142174998846908
220.12602667040463 25.256558339776134
220.3053420429284 24.23209760828996
221.03666617501855 25.907329288711885
230.67915215051065 22.38664604362149
220.0960744120817 25.47921629463581
219.11990089252043 27.12085767429636
214.25045394670826 26.793121240942778
219.92906685242704 25.941032065678492
221.4121514633038 25.04675911866527
223.32833924743707 24.39755277055507
217.71063044339544 26.315881219402968
225.9889729483338 23.25367123393829
228.15736102034458 21.204146457458304
228.09198501248522 23.55554424784426
222.39342973582194 24.851070598076188
224.3323561478782 24.264623736537832
225.5093739928282 24.716708133499665
225.8976364416595 23.907744212650602
224.2443805622776 22.64876905959385
225.07004470560238 23.130391153273827
219.483920076236 24.93825047910221
222.41109783735152 23.9266404670483
233.792605096632 21.135699871550564
221.94729367646198 25.51624389905498
228.69930881131967 21.562801029994944
232.57402735065136 20.974200906621583
221.7880687114185 22.955368216133632
218.3099351239086 26.737661152410645
220.80728703314486 25.261533983816214
219.17227830640985 26.275634933301387
220.10719926800348 23.967911755880415
221.0729214069259 24.563926830548336
215.8231545981139 29.01185051537674
222.49285113479297 24.1844275648662
226.70797797143794 22.550502635481198
226.24456473848994 21.29124734691516
218.0462731678942 27.093616428063882
230.44830912939824 20.991334253807818
223.75622595283298 23.096783126247544
222.5730257544335 23.747543136281358
222.4842557819416 25.289216533806265
213.1203701782594 28.95401403520627
218.73633567365735 25.533520963128247
228.78911659191277 22.01392150449097
226.96276362363125 20.67207893922292
220.77747970198405 24.820617472019766
220.2343932902478 26.002188612046623
227.03220771706475 21.330363708553442
217.71098106266962 25.35807844621748
228.51872190318025 21.285012082501847
222.3644975046277 24.236378715976844
218.34277232713802 26.780197516848272
225.27804879738204 24.266211417959934
221.75996891643695 24.544333699811197
220.66443348018512 26.908973256926476
228.0065223697442 22.012470206033928
226.00536257182145 22.33749717150826
233.00901862841548 19.190736034022656
220.96202559027145 24.824573435158566
231.53784993671215 20.62613033686646
228.36228632739366 21.779776676238644
217.25759922951028 27.688911864064014
219.36076283110677 24.548390798429914
221.17349650533995 25.781923901208923
231.2507002868945 19.144045829908162
212.40294483688655 30.02827049535793
224.27487974463193 23.136999054622112
225.37116712361512 24.002111439493426
232.47988142963806 19.912016477458863
229.20233169355112 21.0445382969867
220.6255224238232 25.809514987429527
216.93220766933567 25.65484587559175
227.03204236799886 20.431872949837512
223.4377675737659 23.7629129449611
220.61864838553595 23.969834888950754
212.59284904780748 28.273504805708896
217.02514827381614 26.5329750963533
223.1482119964427 23.45515984835305
217.76749775122857 26.950849140188428
218.82660271943914 25.16464363131109
221.62068572652046 25.21813084517285
234.14350200101435 20.995960256361663
216.18368904455542 25.967124998027185
223.54081913805774 24.64196590012078
223.19459761052616 26.492297669649577
229.5098150813759 23.101718767744174
220.56568168435274 24.45050685506877
217.62043418813042 26.593042554981288
216.479281780582 26.559107530745347
221.2227361509184 26.087902249647488
220.09161685632944 24.12773058415777
220.84339804269254 25.46500965321508
225.43486912578666 22.240940329050115
226.770268960442 24.06452329618883
