252.65868577829258 28.90075703398908
235.2394238186104 35.08352585471996
245.74314155360386 29.117922045041364
253.5447534703656 28.32948323256806
242.4208288513673 33.47525352571391
250.62947827834356 27.549925593082715
237.2312364278775 35.321281867131475
248.49461480691625 29.81758880951422
238.17852244905802 34.21450466732275
240.63235152993485 35.41617567619206
231.79277195741506 39.73568335159561
247.45286317237776 32.60786160838861
246.84592339022606 31.085603304556813
238.5446863276803 33.98414357022741
238.12993622801375 36.32486823345644
234.27678454940957 36.46723792472541
234.0853806524652 35.87674559641459
234.63439618279438 36.89662181738069
231.19824640980457 38.61826526236619
253.62775817064738 30.529097022634726
238.01862458353247 34.2630362452922
234.89232321537594 39.32704687580368
240.0828723410769 33.821383696908036
242.58848228824718 36.89836628042983
241.27208587699155 35.21502197729696
242.2180514439381 33.4024232332503
230.70119095051254 37.947347444717636
238.62945090229599 36.211488881704696
247.17019123686606 33.35579278649
242.72862302255717 35.038661478749574
234.611778458809 38.78486457239289
243.94415181855783 32.80231900656309
243.86200475991245 33.16515161073144
249.8049671329205 33.19125873479039
256.7418734281323 26.125585596986618
228.21466795331736 38.697318440886285
241.72169140185594 35.42232784190152
241.49533509654157 31.20746927693577
237.9748315568085 36.827986082277434
242.22318222551877 35.05508629548346
238.12321963020975 35.24180726445567
241.69727253154497 34.73976754355423
241.64351552890744 34.32876061661326
234.83679109512937 37.396318185760556
241.54493671961373 35.86818931687131
249.66590530506494 31.26410426785971
236.68009620215605 35.16037712994473
243.42034121256296 33.566355851053046
237.27678514143037 35.93838918037379
235.4036540482861 37.648726020572155
237.0506270680625 37.78121505795632
243.52222521779956 34.29280527562767
231.3441214782713 38.464178059987724
245.4293038524709 31.24320446518053
237.89105453626826 35.67990013303861
229.19681360841582 39.52724987806059
246.32016558425576 31.031840585107123
242.1337866610692 32.00998826214571
238.87232573434844 32.845159926464746
249.16052275765406 31.795616743726107
239.41067583599735 33.88122462532042
251.16634122072614 33.31874842085571
225.79237026561376 42.237175488143
253.16633501075543 30.11102528986988
230.8625878578329 39.684566281896586
238.2495297613416 34.59330916664049
230.45825804661857 39.37945434810884
246.01376899378084 31.503079491955276
243.57639654500022 31.69062383659959
246.4256038136247 32.335811134379334
238.45888289332837 35.256503397593534
247.31737476560187 33.029437946588956
244.29699244878438 33.3103663858451
240.93465985013322 35.34980275458813
242.20207901956476 34.94540803547953
236.29028504354042 32.64683027067302
249.40207924720085 34.34084201691007
243.47307581511723 33.28198300261071
238.85030759909063 35.07647834631747
239.5704548860739 33.30314517048602
235.3663448773172 35.14626042167707
241.83608498513541 33.635595648411936
243.86521153742697 33.016676379524576
247.98303780377768 31.969727954855703
256.5294981432315 25.46701348854113
235.2918527405599 37.99493648637476
260.060005678327 26.521970456981446
240.23397425288303 34.371675593729194
250.48468665049666 30.23968071873331
245.26758702829116 32.24830724783249
229.9988501556917 39.20864771527621
244.67268911727015 34.878207937434
238.8053729803959 34.354203249549336
244.6150333334993 33.33798547491028
242.2037650551693 33.822576479989046
249.45129601876127 31.622456334932505
255.76966037958232 30.232622657285695
244.4371686719159 30.633855518401546
245.02184108329573 33.44422434759968
247.00381837748887 33.58969727492824
237.2169477652932 37.12089332110048
236.50114995004472 39.08245589144699
228.47361982148476 36.72972471155203
226.36949067919568 38.85144707020043
232.0562229811819 40.83668434054771
236.7128983498788 34.102080514668536
248.59996405169 30.538408393819555
230.5688395212922 39.81893183195001
244.75648614237397 32.27880638197041
251.30312739642042 30.535375543675666
253.1643679834781 30.356424870184224
252.50084020385967 30.03391545592908
231.50276344059057 41.78742878260658
235.5418200828294 36.26239457709458
234.30500031140897 36.74325332117764
242.03972725717844 34.29554181576982
246.1856526880538 35.02262911643287
238.41338102231387 33.594342760952884
230.22310108887734 37.66596402578902
227.0513797078817 41.13026438541161
235.86471460338302 35.96855173280571
239.27721373086877 33.01097209632045
233.46518948757904 38.37834882868387
244.71381648353068 32.283429505385136
253.79356791900875 27.422770021491054
237.12867466410128 35.58924243567966
218.6819563592017 46.08204048174481
242.3954652351279 32.30434718034721
256.67320074951914 29.096180174726
243.12173586960367 32.667835496059865
240.07499445874038 32.50478626718229
246.15770536933695 31.81623559770268
241.67932831471802 35.92297284701751
242.40640633679766 34.24102267858082
241.83599513869316 32.987231603647466
247.45664771578782 34.15206145061991
246.50665044120467 33.54880128966835
232.55612154248007 36.446133452486585
229.120535090824 40.91921417836519
238.67996225469608 37.399213271785186
233.53557555220274 36.698942878227705
241.22877795184135 35.6839054423843
240.59200522446474 34.88011940926501
240.22173825114572 34.975703142839
231.12718099257188 38.41835161906459
238.48157149167594 35.31426685115077
243.58587580988845 32.37542993865628
239.17461633977496 34.68382898265468
243.72936568964604 34.49506034979889
232.668833380142 38.5604478061244
255.7476295717283 26.40670203152662
232.9257607458481 36.28140666798798
238.59401914621964 37.76426127193576
239.75459710988162 33.865126742776624
244.66051136457065 32.07184486500806
249.12393397897256 31.65614562460922
250.75281528068373 29.578522225367212
264.6159980325336 26.319475694632892
245.2001885785269 32.67377211040107
233.76716956099202 35.968696387511876
238.51037922699305 34.20334240579134
241.8382711919923 32.848487208082965
245.4431635241858 34.07384051361881
234.9689629211857 38.5546711187841
238.68568530283042 37.033789355576744
244.06698990854395 34.86322516479149
231.9857433972278 37.8010898535367
251.27495221191114 29.43697769722465
222.75078081130985 38.715872384640384
218.91746396930955 39.97239602966613
237.36134498977498 37.73893289091154
236.63320479724558 36.607824342557635
239.1261667790768 35.157210433662684
238.56885180982093 35.10558161274025
243.08601998689855 31.83697086914028
248.5309757084061 32.80283343946801
238.8507773485016 36.449104722361106
234.1282930803088 36.3171835329324
241.151213324525 34.06364602741047
236.07656631288495 35.3482523025914
236.02488590511237 37.76189059119761
224.66324250069115 41.37008640406975
238.48109445667802 36.47964816205573
242.70237051792284 29.602486135155026
244.83209519178158 33.37646052862678
239.93706869842964 34.128827027022155
246.6032560795315 31.583266038794925
254.93424884503338 29.75017508831325
256.67024385346923 27.061109700607403
226.34299382886167 41.24584318110528
246.82585251016235 32.1613673591966
227.48741837076383 39.06804982533092
244.840632867913 32.61804161084457
238.9850744171282 34.939584016233255
232.27359668760664 37.054652289408665
229.50631916285698 41.562644662033975
236.4466641021735 36.910183531791944
232.24392472669606 39.037770170595095
225.51128866444756 41.87940149913335
240.78709433786054 37.62394645714148
229.60741781113532 39.01077768588031
243.55668071918367 35.22861688811417
236.6677494373014 36.24216462441854
222.47402480431083 40.47693792325583
244.16517183414692 34.79755739907963
238.7926162073635 38.3297232001829
254.02298474640958 29.181265535187414
219.83003040776325 40.112459846115826
234.35503494236417 38.6826014113302
241.41601306297107 31.13175283580358
238.99105824271868 37.593636360622476
236.62756431051844 35.01589716151771
256.4310517111187 28.401250351323355
236.35187414954135 36.75830133223805
239.91959040210446 34.19442260209386
250.21357849458076 32.43004689430285
246.66125109413358 32.020964390060115
249.13159490880162 31.125992722136136
244.2494321124787 34.659662763653124
247.36465280660596 34.554230378686
242.74968898369872 31.215073255289767
231.42139128316262 40.18709836280911
237.55092034681218 36.339581204021044
233.70919103363101 38.76651414523127
237.6663651719658 37.88535430327585
236.31724933402012 37.91238799490584
245.01829081521325 31.74874451783885
248.31744766022942 30.18185105041937
233.7991741714662 38.31646790876268
234.70640154230452 36.00517882658886
236.7475205017985 34.59705532337696
248.65151094854502 32.292726912864936
239.3915604885186 34.87891873486086
244.48853010828077 35.65189968309911
246.6961261288896 31.40494030843129
246.1466827793171 32.200248949138896
239.35697519003674 37.825241140964806
236.41241750723552 35.50283767030395
223.70393780520612 39.14237338751422
243.24961192351802 32.48685384881719
243.55011217415063 31.74475031345566
234.21566033798283 38.08226104926418
251.96388532581548 30.96297657123679
250.4271443065685 33.220356545760325
247.83862089852806 30.34567566592832
239.4782624178893 35.94154414335823
236.91689529771324 36.68667997266896
226.97224042236866 38.705771497028266
243.08898300442254 30.26005558515378
231.14711559124143 38.26400307606342
226.30140754698732 40.28559611551782
233.46870899958517 36.941989459528635
238.02821453177143 35.85849275578831
235.54419173173926 36.689920223825574
235.48217155953867 37.406960449446196
253.62302080958492 29.72137675184259
240.76640816234038 32.769277441807034
245.15166987927756 31.643180570382967
233.8246767601609 38.06246842240416
242.0064212985877 35.65311739671891
251.2463745245445 29.564602842643563
241.9169778224593 36.65844700681264
248.0780987796287 32.67403317539044
250.12230654770138 29.911366153010942
245.79652760997809 34.60742804121991
252.53275703151178 28.661677744951945
238.18457559607356 36.08407932698442
237.49412543427135 35.20610948213297
245.28194599883642 32.192737417780364
225.90876944110397 40.89291743273106
236.24020073140898 35.19599961773711
228.01296231782175 41.031511834160376
221.35780079716207 39.62630135965661
238.42038949165658 37.247781265601006
249.87136488940857 29.192983854440456
237.8164289505174 33.417850026660645
247.32522051527272 29.719271305666126
239.38015987762512 36.57836512870534
238.96920888550864 37.389596035180865
233.24098292329876 38.0130428784133
246.74175716255624 31.93453960393918
251.34598912425656 31.140736695021808
228.93257916994233 45.041966664115485
245.23312185960938 32.89620873656765
228.8733999917691 39.30816985766717
236.6543475760777 37.0759181059006
243.90633477207547 36.011631597279084
241.3959254889356 35.01220554653672
242.89843025077488 33.43676405503926
239.09363484246296 36.792334630060836
245.9087413229452 31.53570973267031
231.07623932590647 38.218154011450636
249.25891362482255 31.10872373653424
253.55068924551574 28.306555777912074
239.8558068700004 31.120119258698047
235.087589858377 36.277706438160386
244.9461082124914 35.39030594348112
241.0157053659827 36.558629095633286
245.7826165336553 33.984901145193064
236.98004139854442 38.04736337533957
