1 159.52290036228302
4 167.8005856729917
6 181.57056550664777
5 170.9549046754985
3 161.88250346790005
5 176.88939433305313
6 174.50667564132738
3 169.8601545711574
4 171.31126833630015
3 160.40742356487368
5 178.54903379898695
3 171.76080848977335
2 160.2756201415241
6 179.5597350705303
6 185.09222064761656
4 173.91124860052753
6 184.137323151284
3 148.14408802767278
4 172.6047922883248
6 169.02284052123943
2 159.92741393058526
5 179.23276236872883
2 153.67570996148814
6 177.11433079897213
3 180.78606149508752
3 165.6149290235928
5 166.62017391638406
5 179.88750218065147
3 173.82744781737384
1 169.1043256044331
6 172.8585016101255
5 182.09066275018762
2 156.95800845194015
5 173.13617610554627
3 190.0749667072351
3 167.84720744977196
5 183.0417006656466
4 183.67419974548037
2 177.08243412701285
3 182.18535928537713
2 161.70760203996724
3 159.46652158225444
3 172.49939023483498
3 163.96821061880786
5 164.21170810650392
2 153.21608941294198
1 152.76735204740748
4 174.69771398088986
3 162.9187682617895
3 173.49005492833157
5 178.23355197103928
4 168.37023887610997
3 167.7671919785948
4 181.29864622096233
6 169.14115945621216
1 137.18116099982745
1 152.09716860243532
4 176.63771843149877
6 173.4872116414791
6 174.37788854194065
1 153.0653218599889
6 180.3929547558653
5 165.5218358853077
5 179.46796750801337
4 169.29283011265196
1 154.2469879543144
4 173.94998769837986
6 182.47877109672092
1 155.61964509511972
5 177.07047086911294
3 174.07905875598675
6 192.2308488458994
3 170.76163981171834
6 173.54390180728439
5 168.86010201754763
6 192.33847445046754
3 156.03917020147244
6 173.0692039778975
5 179.39789824725142
4 160.69498576653785
5 170.2503170089979
2 174.48194600465177
1 161.1997641294134
1 148.19226390582358
3 167.40125236157445
3 167.72684424123756
3 175.87832899383264
5 171.79086559852144
3 183.79016001814568
4 174.33764027916814
2 170.51630584247008
4 155.27258904412574
4 172.1389290130667
5 180.4542121841331
6 170.605881006793
5 164.92118595637558
6 190.6431008258678
6 165.5070120621628
3 175.08831635043703
6 177.27753187788994
3 158.5513234624662
6 177.57554495388166
6 161.22277500530052
3 165.09830137127503
1 160.81342068180209
5 175.37766620744546
2 164.99342142534172
1 166.2112720663662
6 163.31881279918107
3 178.39382449128803
1 162.9096892569377
6 178.54408648267002
3 170.44374951556264
5 161.0743537951988
5 180.5097911110091
4 172.53623580837896
1 169.52956712897742
5 166.70543883925617
4 184.01375699417102
5 181.14134415795252
4 169.57579363822418
3 164.53090185865784
1 160.02020320690875
5 169.70162216071859
1 148.83624450333036
6 177.34323008025154
4 170.76334165031625
1 174.0022238138422
3 174.2997803707334
1 160.56847062025827
5 188.50305367250232
6 168.7637119259263
6 167.55479962286051
4 168.0421343857554
2 158.3298176707588
3 172.00339539434276
5 165.67352485644568
3 165.92408362573832
4 173.01661527764563
5 175.82141603175845
5 172.24698723667217
5 170.67920630802425
2 156.7756232474068
5 179.29405848809284
3 156.98125131898007
5 177.35272477536054
4 160.6748802827669
4 162.81031601259434
2 164.6746287096258
2 174.0605283778187
1 153.9663762071646
6 174.22029892609132
3 175.01269700928233
5 168.63802450354873
3 174.87566765199452
3 161.19510457173922
4 169.5436441355679
3 176.30572778408288
4 168.60396785338483
6 185.94851556279627
4 171.01680157313538
2 168.15870016745623
4 164.6725631889111
4 170.411973355372
6 178.86162638130355
1 156.09755337844527
1 155.8304603192735
4 176.85440366335737
5 176.57773844176393
5 179.0686772753696
2 166.4800556678076
2 158.31877110186184
5 172.14915502189365
1 179.9826663068797
5 184.95928353418557
5 171.1277330313427
6 181.57435310594016
6 159.87450129438557
3 156.87748197129554
5 166.6497185849371
4 169.70785063934903
5 175.14566452843093
2 159.86920722655722
1 150.01486727377488
2 162.97422772731113
6 172.84339261770035
6 191.2120681527506
5 179.60939371553394
1 156.74167061669954
1 166.8387609966305
1 157.2420357983657
2 152.33744771601403
5 162.98873190495988
4 170.2374245167193
5 178.1448569483503
1 158.45423143282994
3 172.2525114700119
4 166.78560954263043
6 160.29479457094916
4 161.46725909205549
5 165.40582999142183
1 155.80760464835322
5 179.07355470931608
3 152.48772019906676
5 187.00483236482125
3 161.7069554792201
4 164.31960579714396
2 167.40369619985793
4 167.63743746357022
5 195.82316918500243
5 179.09371726610857
6 184.256621700715
5 178.0693532796234
1 152.5619393671288
2 161.44364354078354
5 188.14801916633309
4 169.17411895564913
3 154.71293746944147
3 155.72350544954816
2 177.73206633361673
5 174.86910938513887
6 179.78451667678084
5 176.07410255919302
6 171.00459672663868
4 183.12644632198197
2 149.75238352633073
3 179.71091803023512
2 170.03280425747352
1 174.3856057700574
3 162.6964753175219
2 168.16878883122638
1 149.19873168584635
1 148.48341167819208
3 167.2303236678482
6 175.3221600485494
3 177.80817984786364
3 161.47314453719645
6 192.0668508915485
2 178.36601078650872
4 174.80147537127385
3 160.0759058602185
1 157.66518887257558
6 158.01231766826038
6 180.80121242242407
3 177.68389319390766
2 155.6562029053704
6 173.48635789535652
3 165.19681888932465
3 168.0728496148287
4 168.10595713538032
6 174.96665860190635
1 159.9172183584985
1 147.24413394018933
3 185.8806130686386
2 161.04543762997724
2 163.16194368834607
3 165.1074746043103
5 186.6827479417356
2 168.48505459133278
6 173.3622992387497
4 160.66285704686152
6 153.32563744421248
3 172.70906672174064
2 163.33896977433838
5 173.52003533001562
3 167.27469381655476
3 164.14925416010095
1 161.56893520489186
3 176.1033349443636
3 172.88224524702161
6 170.89060242766462
4 191.65230128921704
6 159.73288360499433
1 158.24178773729366
1 160.1831709028832
1 157.14129223814865
4 159.96664490577575
1 163.85665978572447
3 171.44386082744123
3 171.33374010457382
5 166.07725737488036
5 177.44879394642098
3 158.69846651599403
3 179.58173216241778
1 161.92440325765486
1 156.61140040142288
4 161.00792152435287
5 166.6132407224471
4 175.2534274846051
1 165.929908164573
3 160.05100736054425
1 149.23957324409707
4 193.9311317954346
4 161.46353323943077
4 169.04003610078956
2 161.5899719224312
6 182.99889808395713
1 149.491672228981
5 165.50136224629608
6 167.6341315824058
4 170.4378322128829
3 179.1839097518707
3 163.48227343695976
2 170.76836404123839
6 172.6361197481146
5 163.56075379796187
3 149.5765560806969
6 166.15201096593546
5 166.51001558953232
6 160.3499184322119
1 159.27771449842916
5 171.00869443082217
4 173.21067505015495
3 169.91728727112437
1 170.7320465441984
1 148.10866486285136
3 182.33845033759604
6 168.1601717171025
6 171.84871718067933
1 147.74378224421793
3 160.10729512517975
4 179.36122746109302
3 180.30586181942132
5 173.27668572262323
3 174.45372637668922
6 175.782124514901
6 170.56501934818576
6 187.6423787914293
2 179.8213507059095
5 173.77460873585093
2 179.7895559448103
2 157.26108945950259
5 189.31273797974782
3 160.24181806519127
6 191.24994272872414
1 160.54845095496904
6 176.71102074003468
4 164.6265118637524
6 181.14143604515985
2 170.45128292181653
6 167.34309538388518
4 181.06870221857474
1 164.61603138655198
6 180.52703826459114
3 163.69147547448378
6 167.89463448135527
4 180.91283672945494
4 184.58812438032226
2 151.4216016729316
5 181.12330536375887
5 176.64295044912936
4 174.35775811272504
1 153.15079364003122
4 174.28878279266044
5 180.0199856054313
6 172.8436417667422
2 148.6808543202421
6 166.1077172471561
5 173.0500841122306
2 174.10517906807848
2 166.5371370832649
2 162.17985536029045
6 174.80223772800758
5 176.24725844620505
1 144.29910311515894
6 182.2274073508355
4 174.8830051095787
1 153.76522223604775
2 165.36697711963416
1 132.4399718526905
3 176.05413095268142
1 159.93674647401744
6 170.34079479263545
5 165.3554167491153
4 172.00225050457988
6 164.36405552662688
3 171.99618967826106
2 168.71104142333033
3 172.75356082072085
3 170.73620206331594
4 180.53131896688188
4 160.64378722417348
5 166.20614459439997
6 178.0544927601335
1 163.72089106375304
4 174.1908583040298
5 162.51130795190798
1 146.3137039469637
3 178.7519400718555
2 152.77757995365863
1 161.28980707092086
4 155.14868155322333
3 165.73243644818677
2 176.1690135021733
2 174.24873703367234
2 164.35489630620341
6 185.04613541538512
5 182.06071177251135
6 167.0648317987656
6 169.24903298248873
2 170.20235897091624
4 177.60306926163847
4 173.96409822465455
5 166.8734628239432
2 156.71528437518205
1 155.9582339928448
3 171.83913037254115
3 162.85785170942563
1 159.18064866346486
1 162.82696603952877
2 169.92114192885145
4 170.05531048972168
5 166.88499844237393
5 154.4210352193874
1 154.62590788792738
5 196.05211659945363
6 167.83495172374873
3 173.19203112174245
4 166.59254512392374
4 176.9447875754563
3 167.02837871904038
5 166.4229142700162
6 190.3076376509754
4 181.28731460331977
4 176.66259936028308
3 165.37503990585745
1 149.91813657927696
2 170.9894591413906
1 150.62816194745287
4 171.38661779689073
2 159.82702521841435
3 167.94130934990497
1 150.28444375087395
6 164.30477482888236
5 177.71301947073184
3 170.2362331987592
4 170.439706734056
3 172.06763641662047
6 171.67896189965663
4 163.857005161664
6 177.24972369010746
3 176.9330158231445
2 153.55710272565048
2 165.951761000963
3 173.24615207432709
2 186.01568120282158
1 160.3910559375636
6 169.64740476535763
4 175.86359657222098
3 153.59154711543871
2 169.40670752237634
1 145.66863189645025
4 172.8786023265841
3 175.33981307636387
2 164.07709770765246
6 167.23656902391892
5 169.81218214944275
1 144.7426417621926
1 172.22063534878822
1 156.064529189968
3 168.74659204409517
6 162.10799140660646
3 174.03381220320327
2 176.00224073612844
3 169.67832906320746
1 158.45179445719478
2 150.97098676654028
6 185.6128663486908
2 157.6385291369805
3 166.92071838948516
5 175.01711047538896
1 155.63186735954162
3 182.37884426593268
6 182.5497980834819
2 168.7886443549449
3 161.68675322175835
4 162.03420489876117
5 174.7401900431543
4 175.8878935792283
3 171.16770098077012
3 176.00312729497276
3 174.61867483319355
6 178.51764622688526
1 163.33314987815513
4 165.82759828640923
6 177.47699005953675
6 182.01263965162485
5 165.11770090286544
1 162.98805494745173
1 152.73106775638456
3 160.29533036429302
5 168.31708958053426
1 147.4402146872363
4 177.3786084336761
6 159.11826824217914
5 165.6981734964097
6 161.34222219036874
3 175.692486608355
3 171.19132567795296
2 163.06712982943495
6 172.63966157732042
1 155.98868199034828
6 188.81917916116754
5 177.09032158903742
6 171.1294510463493
6 165.52643798664255
6 184.58538400603274
4 166.9217468973213
6 182.1765743323808
4 172.07159269017816
3 160.55737427071108
4 167.3369284933872
5 174.22621066546643
6 186.768449648591
6 165.48880139144757
2 155.49850650769037
1 155.68667595781696
6 187.4710549776117
3 164.6457210574523
6 180.22923947311799
2 167.87584395226753
5 179.04110792007108
2 153.9197990140232
2 154.4257240812321
6 180.62623824402718
4 179.62733797583442
6 171.4683077870304
1 160.4173798979802
6 198.3601786292606
4 170.10820498609206
2 173.53860261730767
2 165.55035320420606
2 159.146420468191
2 166.5192721304796
3 167.97376437093936
4 185.64707791215244
2 161.2768815672801
3 168.44673169115686
6 179.565058135793
1 155.00647686992576
5 174.42923791298318
4 183.2198523714549
2 147.54975108172533
6 189.27866603284426
2 157.15089961494678
1 146.0856021127202
2 160.60250490157327
4 169.82224096554293
4 166.88064418728038
4 170.25356548314548
6 179.37236850227248
6 174.9048983040431
3 172.87295578881685
4 157.66256967153643
3 165.9391400330454
6 188.6441674409414
3 161.22279174529925
2 147.917955175037
1 169.483672663993
2 167.94383808494788
6 163.9738186775586
1 154.01699192542105
1 162.20033174629856
4 174.6074715743327
5 161.81742378136883
5 177.86133712243503
5 171.28680048560287
5 188.10473116836647
1 156.15326448243914
3 179.9715916611246
2 160.50120247280265
2 174.97713766111937
6 179.07589516960937
2 178.2493176906388
6 167.21614810774219
4 165.19703510805175
4 172.67849015419594
2 152.38863079842318
5 172.13357511793436
5 178.81624771492446
4 173.63628092841842
2 150.6882806184014
3 157.90999404978277
5 180.11389897211234
6 181.47815462253908
1 144.34420551193176
4 174.89710032087805
4 163.28677026288366
2 164.33465705237322
6 178.7904089945991
5 166.85290149475998
5 187.26730671828227
5 173.1227648881089
6 180.69115872943846
3 157.63685345302918
5 165.3537041432264
4 166.26343225760502
1 173.37940900574003
4 177.3339420701665
2 153.38804520639178
6 170.99942623476895
6 184.68366864239536
3 187.66116810231372
3 166.37817304524646
2 161.97597823704794
4 162.40720905275313
5 172.4318923725536
1 158.65664443806995
2 162.24341207810483
3 175.32420757954017
3 177.04268109111572
1 161.5832626825414
5 160.700387428836
2 168.35690509642978
2 146.47077100814255
2 166.8690764095031
2 153.58513779036124
2 169.1969044429757
3 157.513822251897
1 170.89331735854805
2 170.08370448474574
5 164.9514956469491
1 164.693031857803
2 157.81989516391585
3 155.16808620521118
4 175.5189826937462
3 163.92909182208479
5 181.71335014793723
6 190.85165368283785
3 169.65976345301667
2 162.07782121094
6 161.08270496896327
6 163.73810186179267
6 166.43244522676537
5 161.09473646942084
4 173.06964450370555
6 195.60094844913624
5 160.85901527063544
1 171.05687630596643
6 178.96113924145249
4 201.15168870067782
2 172.8144614507999
3 178.32676595090152
4 171.6392120535953
2 165.199923066665
2 156.26826719214137
5 174.25608936211103
6 186.59172102475742
5 172.2169566456236
6 168.4698073089718
1 161.8524423365717
6 187.75371910805652
4 167.7673658779958
2 162.0092485055585
4 176.0206191114686
4 171.5995948420565
2 162.4973708446648
6 182.00370493737296
4 178.9641234777301
2 169.20643420917
5 167.80181245371577
3 165.8446359493767
3 157.15667619894685
2 153.67081538576497
3 166.3660651264593
3 157.99084159798
5 174.84597226209752
3 170.1703908323559
2 167.38544064868444
6 173.8610201716776
3 171.38407798707843
2 150.5738798244692
1 163.05377283585662
5 159.27575748582268
5 168.94924057781415
4 168.926861579893
4 156.33363227475286
1 157.4358819852056
3 160.5129168461421
4 165.41805532414014
6 174.6023509886425
3 162.56153290035812
3 170.74483121166745
4 163.90315095044727
1 170.21613877902246
5 166.67481828758227
4 175.8096239071776
6 172.66364631035643
2 164.39392960686462
3 166.23943403819004
4 169.53852673266925
2 163.43236688249337
6 181.612009582321
1 163.93959596181446
6 169.34111577101402
6 172.19069089137008
4 169.59524385513373
5 159.83544474666428
2 166.4001306726814
3 171.9413157590796
2 159.51758241134715
4 165.3017141650423
1 160.82094800809162
1 165.51165743613095
2 158.58505847311721
5 171.01931023545845
6 178.39263816048074
6 159.8373613309624
1 148.69635209478986
1 163.77999713322887
3 173.86352389954857
1 155.11984866152383
1 153.6186420757837
2 165.46324447393928
1 136.95007615010852
6 178.7547094526
1 166.01963084501034
3 147.74496536296178
6 183.62227557133187
3 170.65238170605755
3 169.2975570909283
6 177.6809815074963
6 184.72976830318797
4 180.7657205963778
4 183.24013299614123
6 179.76887403572098
4 172.91748067397683
2 170.8943215565068
2 169.3080868726253
5 175.11842104016677
1 166.31541573196478
4 162.1620039326615
1 164.0500612913916
5 167.953080343817
1 163.6274032930649
6 188.19634824777168
4 158.3033936685995
1 161.42838163439384
1 155.83028278185148
1 159.87469118408637
1 177.544138435638
4 166.522624563865
2 157.2121673972428
4 188.1052343292816
4 169.72789074972943
3 168.7860970135316
2 158.20179598028002
5 162.45467704731496
2 154.07974529440776
5 186.272566000497
4 163.94652621394258
2 155.36848631554366
3 158.757726678028
4 163.56451394330696
1 156.47376956212054
4 176.1874564100745
5 176.53192617681546
3 170.27181989836066
6 166.76661981976474
4 169.20131282192193
5 178.93260949755413
5 175.72163593863243
5 161.025548454897
6 179.66855458931306
3 170.72028175302034
4 175.5911446809644
5 163.98670690375937
3 164.39511153408048
6 174.85951733800937
5 172.60058935964219
2 154.57923344444947
5 162.79490300218924
5 168.87290429287722
1 150.2102839428952
2 188.23464853121507
1 161.3591081026027
1 156.1865707769171
1 156.29087972829606
6 167.40217550387055
6 179.09390171481377
6 171.85773949956481
4 168.9433134963777
4 163.05900027685178
4 175.92233814151396
3 185.01339612217998
5 159.14053207086639
1 162.4644602202514
6 168.3424395576714
2 154.57217628177565
1 173.69298551214996
4 166.56269750322812
5 167.2379635376128
5 180.91235195919322
1 153.19960854931858
1 157.23061296299724
5 174.31393544652812
4 179.95924899746802
4 167.1875959726887
6 180.858325094937
1 161.26517166844593
3 156.6238156302135
6 177.08067904837307
2 173.15219489413607
5 178.4334921969541
2 164.81915829956466
3 165.15148057878162
3 164.96946664676065
4 161.60934281401563
2 161.20039227552218
3 167.46407136570903
3 157.25218735901592
3 165.3582599007631
2 173.95620861675587
6 177.85785640696164
3 160.50887412687314
5 174.29166903263223
3 182.18225321633372
3 167.22299694158744
1 149.63044263122626
6 174.28879796907088
3 169.34796784266734
3 167.95317143754266
3 189.29295354319822
1 164.4418360986766
4 170.68668219732012
1 155.7479194259619
1 158.1400171118698
1 157.64348849877004
6 170.92016761445115
6 164.54167810599355
4 171.71433793579027
6 178.45601384237384
3 164.6259329610665
2 170.0189513922694
4 175.31726211476564
1 150.21726847957683
6 166.42669255705607
6 186.66319955425217
2 170.7188537440121
5 174.54797378667445
3 178.26954277546386
6 167.0100153868499
3 165.0730352878963
6 179.40307444798324
6 175.55818822905118
3 163.31510802941213
1 154.25252694394663
4 172.64205967745977
3 179.21775940277843
3 165.7302467248031
3 179.12603301322227
1 147.00334994334298
4 171.62549220789512
1 164.23902827221602
2 160.37216964353053
5 168.24926563805104
1 153.5238081506417
1 162.11495606780792
2 162.26742141913888
2 160.36126353814657
6 158.1572379208735
2 155.03311486144173
5 181.4547670965134
1 155.59548764590323
4 172.75215634064367
3 155.524401783532
3 150.45053991670514
5 162.64631560091507
6 180.18306019029254
4 164.83884975916226
6 178.90579466395894
5 169.00196091359243
1 161.3370973302726
2 161.4644829097614
1 169.46201566608306
6 183.28335379074448
6 183.8745829504052
6 164.40245854362405
4 173.79335463445548
5 165.14767922631336
1 161.51170179019485
1 166.63980094394827
3 160.17657413610758
1 149.46615964887155
6 196.07762839317664
2 156.59906568046205
1 156.0012331605899
3 173.02522274426596
2 161.16800296572907
6 165.72025841375194
2 149.34359088226586
5 168.58409683420803
4 172.1562305878398
3 174.26950060039468
1 157.6997676005199
5 153.96094949887163
3 178.41541357572336
5 181.47466204243545
6 166.848493706771
5 172.52109978872747
4 172.33077844517862
1 169.70666674320373
1 146.8175572397975
6 168.47969344752855
1 147.58043440662624
3 172.81359615613067
5 187.55644927786034
4 182.05383281706713
1 155.2690476192724
6 183.8813994139458
6 167.79935666247536
6 169.5605360879002
4 168.42495064521373
6 168.02167198660663
5 171.11094160827835
5 168.7154958045635
2 162.04349834190631
5 181.19728821684686
3 172.09549843311996
5 197.39367524792027
2 156.2749135966894
4 174.5761335871052
3 182.93388594231817
6 183.52542460264868
1 155.29961969688537
6 169.39469792558393
1 155.45569191821474
1 152.17198212131527
1 151.40553056144896
6 176.08133025437905
5 167.67345892667606
2 155.36600477716746
1 160.74755724360935
2 172.0551874603767
6 177.8645059411291
2 171.78612678057144
1 167.83044542604253
4 176.27836878058076
4 170.42117295094047
4 173.17910333955538
6 181.05339168630013
5 169.57366059241872
2 160.40237533429485
3 168.03092264354308
5 169.84830327884205
6 176.23302029431565
6 179.1762767645948
5 158.5865854388367
4 180.6804652617449
6 178.38040555831586
4 156.9561877318951
2 152.19761359901966
4 169.6026662842953
1 150.12691005937563
6 187.37083800682973
5 181.85937893415772
4 172.203055056829
6 176.49689678728043
4 165.7832419585107
5 171.91033206217557
2 158.86952989336154
3 165.36215798742302
1 153.7128374687599
5 178.04536098277126
2 156.78703214438514
1 160.87180297964517
6 168.45130880691173
1 161.56250278783438
2 159.6514111956317
2 175.1810794292507
2 158.24263813933032
4 156.86731896832316
5 169.1586781236208
2 161.6662577684282
2 162.96114930936977
6 164.67581289062122
4 191.17948788354047
5 175.5586451677704
1 156.35034644522563
1 157.9589662526625
2 168.60485896677326
6 165.61440317366916
5 165.47125749226424
2 163.40832631189681
3 171.90666828612146
6 170.59348174880287
4 184.5822782183542
2 163.75704604364842
2 154.50097839039347
3 174.29315718388347
1 161.99992220141527
3 159.30054718662763
4 178.85368379454783
4 179.2438137378723
3 167.67895584272696
6 172.41183132837878
3 161.18292849348913
6 181.80800456722312
4 172.80581564017245
3 168.62557780483382
6 187.31423299564602
6 180.44109839356892
3 181.20525572383625
4 180.83003566521035
4 168.22307544105084
1 154.49123705497706
6 178.41921345088053
5 181.87311929495797
6 176.81306360110233
5 174.73264693277227
5 169.13713799141956
5 170.5436564248822
5 186.85598930086755
6 173.72815209705627
2 165.04526540739735
2 171.29636331353578
6 169.20227145228984
1 163.20658853587548
1 161.2597619454997
1 164.1915921483178
1 157.32365605643247
1 159.18228609388942
1 156.16007270581522
4 167.88677702836173
5 172.43031250102504
1 162.66994462012994
5 169.8433004070766
6 180.69010256597613
2 166.3232997125181
6 172.86583390192956
5 182.308015435061
1 158.04411275102836
6 160.42234364259951
2 151.67982095130205
1 147.34687079625223
1 170.77033167268888
6 171.97383651353798
2 164.62544292123903
4 166.92299249812132
1 159.09861102856448
6 186.07258670863823
2 159.36855221315344
6 168.11806466675785
3 172.36899183577228
1 162.10050535651658
4 173.43136969342055
5 189.65040744510614
5 181.3537316359143
1 154.35350865290735
2 179.17442689614268
3 156.62547070049848
2 165.8255421778217
3 179.98177300716372
4 177.95552897667076
6 168.40476132863074
1 160.50763701058162
5 183.28728446210133
4 165.21992561528424
4 178.08779382890103
5 163.02842185120093
2 174.75104971977413
1 173.799352659325
3 186.06311782881778
4 182.16377227470414
5 175.30191209915415
6 174.72378707230075
2 164.22063061777496
4 175.219501524207
5 177.5633650298579
5 168.58124873850605
2 162.04403390356774
6 164.24138133472047
2 157.74697459005452
4 160.02653971864336
3 184.66745704121607
4 158.89126122845053
1 138.66309721514625
4 169.04291402861244
2 161.5482132660948
4 155.7055335915507
5 178.293085841038
4 177.782957456788
4 169.36906536628246
5 165.99635239592922
6 173.72026911509846
3 158.79177506502552
4 183.00244342478962
5 184.8879358394471
3 179.67068448796357
3 173.21220514651702
6 159.54681217286924
4 181.1147889614246
4 176.94105447866255
2 169.24618597579234
4 167.69675621347827
6 161.7623430343324
4 172.43682471094994
3 159.7166107082922
3 172.12377033214307
1 155.4579333647736
3 167.480259658992
2 171.159162228948
4 168.6967035344317
5 173.08393863194746
4 168.7302711512914
3 156.72279076981403
2 158.28482533079276
2 169.6418641636525
3 182.31666573579113
5 171.7641145898542
5 182.76169424448352
4 162.38266157882768
4 178.36843004731654
1 181.6391067664976
5 170.24324303940577
2 154.05205997539693
3 169.61199527583182
4 165.20922572343963
1 164.7681824199403
4 165.66574023257726
1 157.04167937798883
3 166.2444318632024
4 189.75661298258706
4 182.73467244346307
3 157.10202239490638
1 168.45038147763643
3 156.52219889677747
5 174.16160845755226
1 161.9170211845302
4 172.3357744398299
5 185.56837640034996
1 147.48410878435928
3 169.15080503418693
3 176.04188634938356
1 165.31114935842533
4 160.2816539153925
1 164.62435229215365
3 165.77567769833342
5 180.09375795745035
2 166.45263901471353
5 162.8823105866468
6 175.73595027122806
1 159.31441926178874
6 174.65780834780958
3 177.39202998118444
3 167.43619248470551
3 163.48088148859787
1 162.85944340060414
2 159.06104427887237
5 166.32955491475164
3 174.8409054756557
2 156.89875976590812
4 169.0144549534065
2 164.2449964759864
1 161.02125936486937
1 154.45360598743454
4 174.5296772727844
4 161.04415056684132
2 166.7506113260108
2 154.62179280516108
4 185.6256045988796
2 172.11167347193924
1 145.14781871553993
2 166.98195452433504
2 148.59329749623532
1 167.3247369199495
1 156.73609218773177
1 155.29646501331345
3 181.9487381064599
5 176.65631669993851
6 180.54810964091948
3 168.10004702152568
3 177.73927446825286
5 174.96472905871997
5 175.01839385522612
2 163.54926015828983
3 162.30099229514144
3 167.90779574234693
2 165.85513226344221
1 164.75400014992664
4 160.38200666492838
1 160.65938223458238
2 164.95906119309092
1 163.3937379278524
2 160.79934254510357
4 190.02936260094603
5 159.1156145888912
6 171.6290454433623
1 148.47325755132607
3 168.92822405381992
1 161.4599530721304
6 172.81348382238195
1 144.93797138396042
1 165.06636606302598
3 164.82818306795684
5 182.23877399678713
6 177.78200776201712
6 165.9321205068379
1 164.17643247186845
5 179.57703847190524
1 152.17938737757868
6 184.14470996542826
3 170.23046221833144
5 169.22830614698012
2 157.5575745953183
5 164.40011703301428
5 169.02882402668394
5 171.51075077180562
2 154.04915799379418
2 170.95174156600024
6 190.00066305179212
4 165.42171127523176
6 181.79822333477694
3 162.23642045501953
2 164.7615037655863
1 155.75842452058603
1 147.14763498024948
2 159.73559311599837
6 168.60193552529924
4 173.03497108861885
5 174.09008472933866
6 184.70973771360406
3 176.01489516179092
3 165.86674861185136
5 162.24402928866854
3 165.5438567100345
4 166.4553952343099
6 179.87112217346254
6 158.41133709586038
3 165.90618147642653
1 160.0014604369925
5 167.18697784135531
2 173.45613138101686
1 144.7925094244869
3 169.5622372681134
2 168.7593222302535
3 151.38849167873494
3 163.1171238972846
3 170.5391490489239
3 155.73377392087528
2 167.44942378231372
4 167.07574445744592
4 160.57649140318085
6 183.23426766317618
4 168.8227815406822
1 156.9359912246587
3 170.82518283820056
1 162.43446419175618
4 185.77479503022124
4 176.24701658174368
4 180.13845736016071
1 160.49138276469566
3 165.44916693158814
3 167.74159685609527
5 168.4719302533242
4 162.79688989566841
1 164.91088246107898
2 180.52163525133517
6 166.48369537371832
6 180.57507109714058
6 173.31201401828764
6 165.72685530815485
6 184.47603655312915
6 154.60339929073865
4 167.8910632369991
6 162.03643623991684
3 164.15338757405905
2 172.09001811333982
5 179.23820828635786
1 154.54424109653988
3 169.87740007038653
3 165.54901230691775
6 176.14634859868917
3 157.87776970719693
6 169.16644940460853
3 169.58158883506817
3 161.48628525997717
6 183.32412312262835
4 165.37844594710745
5 168.23356626077154
2 165.26343162723597
3 157.63275214662968
6 188.88426411210716
1 161.7475863983968
6 166.0174898663467
3 153.04103227591344
1 158.73759372734293
1 158.39297632124735
4 173.19363848776237
6 182.2998884472909
3 172.3745970350791
1 162.34951433827254
5 171.24696023575777
2 154.78270194830884
6 183.4726643171064
2 158.4771295207164
3 168.66451304052836
4 181.7577952143359
1 140.9522366559772
1 163.34709767020044
4 181.17049468973676
2 160.63208975818293
6 187.73300173724377
4 173.05560545489976
2 164.10700412317703
4 173.8007176191349
5 178.09045146412925
5 174.99852279729672
2 158.28669595759277
6 166.69945516522716
1 151.10244403120015
5 165.64366335666315
3 173.39418763183136
1 149.74523097219225
4 180.72556585318821
5 191.21007342070484
4 174.4098245681906
6 172.4668057482392
3 169.73477304492346
5 167.0010895594948
1 166.59115840032916
2 165.6585202106456
5 176.19587788708503
2 149.98813472268876
3 164.48256462029937
2 167.96524427983036
6 189.89491184123514
4 168.99726909110197
1 165.28645399611443
5 159.81475496860162
1 163.1903085366503
3 170.07582330391807
6 175.6278975103603
5 173.93570754959643
1 159.82413669583087
6 170.05832611910097
1 161.52272214619532
1 146.04400149523326
1 165.61589640167387
4 162.48281361123483
4 176.39297800640583
2 160.48253559458314
5 178.71030150570346
1 160.57431111058636
4 172.82813204100648
1 167.16845283018364
4 172.76621474642985
1 165.68048006244652
6 177.74380492542795
4 162.96098227265077
6 175.22488897964615
4 168.4649501211708
2 172.0765821571406
2 169.87144487226985
6 179.75592927185707
5 173.8311042049993
3 165.68594941891376
1 165.61681287887208
2 176.73910707972473
1 166.14168930719867
5 189.7701757188027
2 152.62934164127236
3 163.52553273420344
4 168.36103123670227
6 179.1474417269216
1 156.57292029888134
4 186.95945093013162
4 173.83174534932516
5 177.65408371557214
3 166.3825892639629
2 154.6648163874786
2 165.95735671735125
6 163.80869219208353
3 194.6406525775615
1 147.6835871268941
5 161.66686271292326
4 181.24195250929222
6 173.34139649478885
5 179.35862919510438
4 162.95825263547385
3 178.3367045953437
1 148.77296716725212
4 166.46083203876384
2 166.19531480116618
1 173.6070966510091
2 158.90449014465926
6 169.75695374733053
5 179.6669473991168
6 187.02712949232918
5 180.00253192898103
2 173.731649975649
3 167.76493765015275
2 155.58472516067266
1 150.03045585239124
1 151.5274885883616
2 158.67240519531168
4 166.74261115742271
5 172.97681980387
4 170.97596385211648
4 176.17677863212216
3 160.11451816726915
2 150.07951272567115
3 171.22131293262797
6 181.61640973480738
5 173.32886677592816
2 173.97404428708137
6 179.19887573886575
3 156.18086303134172
3 166.20502691976873
2 176.23767037100671
4 173.6113807116581
2 169.33404746967528
1 149.35689748450346
4 177.42731116202546
6 170.80115774554258
6 177.74316656915173
3 164.84320302139145
6 189.33067483968125
4 177.26855040409913
3 171.02686794749883
1 158.10358523650854
4 175.39530724756722
2 172.29260385178222
6 182.05804496241683
3 166.73888293473084
2 175.74192459808563
3 165.2464243826298
2 164.65026090991762
4 166.51287242558425
2 156.45996837175014
4 163.5400855716304
6 176.37388708269702
6 160.07733349075608
4 176.54705308449465
5 171.99027137849285
2 180.97772213976052
1 156.27814270243672
6 184.4813441002618
3 170.25637813319926
2 163.39107463032653
1 158.6301352408566
4 181.8280229652771
3 156.88386052877885
2 172.1532535825803
1 150.97442182106397
3 167.91303365998039
6 171.79223971309497
5 182.02900500833852
4 172.13520302403393
4 170.16557591902762
3 173.5647755276313
4 171.41386884410213
2 167.05481778634953
4 161.98576156097707
4 180.60203446047964
5 163.32580969233803
3 169.14670536530124
1 161.75312737290255
5 159.0906730895425
3 151.79052527507395
5 180.03436537892554
6 171.90079671205922
1 147.77866114537034
6 165.93322842514297
2 158.09082197850037
2 170.4717980949471
3 158.70689559818487
3 155.45617117063472
5 185.50671653601867
6 172.92400772701967
3 163.04662790192597
6 182.93959074484908
5 174.0559542173669
5 172.60636514024466
5 171.82822050931637
4 165.50008555475463
6 180.79642816564768
6 193.3234151049709
1 156.5777958616404
6 179.35222258229024
2 162.76098257528201
1 147.60867173351238
4 164.13335777952585
4 163.09843840458126
1 156.6406284267847
5 174.7856608605709
1 160.6939488332902
2 180.01389172382792
4 169.52666530513335
5 182.6461547303213
3 172.46171406142707
6 178.97177126448386
5 165.77850216375776
2 163.71706121113922
2 169.4062046218343
1 152.04235854272713
4 170.61791284148472
5 177.2423060028835
1 158.7742626780107
6 181.75377118922736
